02, 75202145768, 20230111123843, 20230111124054
01, 73438625461, 20230117234111, 20230117235601
01, 77706360787, 20230111224621, 20230111224959
01, 71836260208, 20230112171931, 20230112172322
02, 72320744637, 20230104092329, 20230104093711
01, 75361451216, 20230106040639, 20230106041052
02, 78352375782, 20230107111852, 20230107112225
01, 75136386948, 20230106162525, 20230106163757
01, 72720155182, 20230117105321, 20230117110327
01, 72278572176, 20230101173020, 20230101173430
02, 74457832676, 20230113183427, 20230113183952
01, 78640840275, 20230107183319, 20230107184619
01, 78217263346, 20230103002334, 20230103002601
01, 70734271608, 20230101115632, 20230101120838
02, 74835247585, 20230101044104, 20230101044750
02, 74457832676, 20230104175340, 20230104180022
02, 75405835758, 20230104175101, 20230104175211
01, 75448405366, 20230106054958, 20230106060208
01, 74748618140, 20230102165949, 20230102171216
01, 73438625461, 20230111002619, 20230111004039
02, 71817747727, 20230110023849, 20230110024003
02, 75668885571, 20230118080632, 20230118081731
01, 73383585527, 20230108214242, 20230108215447
01, 74457832676, 20230110152053, 20230110152101
01, 77637020781, 20230106093555, 20230106094003
02, 75717256032, 20230116084105, 20230116085457
02, 72720155182, 20230106095236, 20230106100731
02, 72356328766, 20230102203158, 20230102203939
01, 78720273880, 20230109021112, 20230109021329
01, 73142161414, 20230109224438, 20230109225244
02, 71673865741, 20230107182453, 20230107183051
02, 71582559519, 20230114082948, 20230114083416
01, 75417608504, 20230108204309, 20230108204618
02, 76642135626, 20230104163313, 20230104164505
02, 74614451604, 20230113071054, 20230113071727
01, 75811145556, 20230107204514, 20230107204903
01, 76467265108, 20230108193222, 20230108194617
02, 73115525531, 20230107065338, 20230107070447
02, 74835247585, 20230102112338, 20230102112601
02, 71120768682, 20230114100529, 20230114101709
02, 74835247585, 20230103115507, 20230103120920
01, 77706360787, 20230108202956, 20230108203443
01, 73456868225, 20230112094249, 20230112095359
01, 74401885031, 20230109041239, 20230109041939
02, 70734271608, 20230114072938, 20230114074336
01, 71014617042, 20230101174402, 20230101174629
02, 75202145768, 20230108140924, 20230108141848
01, 70295588234, 20230116190542, 20230116191949
02, 78576678245, 20230106214300, 20230106215334
01, 77620052837, 20230113091757, 20230113092830
01, 75030523014, 20230109060500, 20230109061928
01, 72538525620, 20230106131123, 20230106132231
02, 76642135626, 20230107103313, 20230107103550
02, 75136386948, 20230111030222, 20230111030428
02, 75523071025, 20230113062843, 20230113063835
02, 74835247585, 20230112061215, 20230112062111
02, 74723144208, 20230119082753, 20230119082931
01, 71014617042, 20230111063114, 20230111063629
02, 74764941928, 20230107201843, 20230107202749
02, 75811145556, 20230102041529, 20230102042531
02, 74566415231, 20230101212508, 20230101213229
02, 73142161414, 20230108021329, 20230108022227
02, 73383585527, 20230106213004, 20230106213922
02, 75448405366, 20230101181720, 20230101182505
01, 74457832676, 20230102003304, 20230102004348
01, 75136386948, 20230117063735, 20230117064258
01, 74208537078, 20230114232208, 20230114232305
02, 74457832676, 20230118201155, 20230118202201
01, 74723144208, 20230102083815, 20230102084422
02, 75388317487, 20230101001511, 20230101001906
02, 74208537078, 20230109214021, 20230109214145
02, 74401885031, 20230115152627, 20230115153112
02, 74136722215, 20230111072052, 20230111073355
01, 73438625461, 20230108091007, 20230108091500
02, 74208537078, 20230108004838, 20230108004936
02, 75202145768, 20230102002745, 20230102003330
02, 72356328766, 20230115105656, 20230115105838
02, 74401885031, 20230102023016, 20230102023300
01, 78217263346, 20230103185759, 20230103190033
02, 76564433007, 20230101215010, 20230101220503
02, 75585854417, 20230109122724, 20230109123756
02, 71253607126, 20230110043250, 20230110043900
02, 75405835758, 20230110215119, 20230110215944
02, 73115525531, 20230114010806, 20230114011736
02, 75523071025, 20230111064644, 20230111064656
01, 71253607126, 20230103033218, 20230103033629
02, 77504848371, 20230103142708, 20230103144112
02, 71360751181, 20230115003808, 20230115004903
01, 78235325451, 20230113232819, 20230113233125
02, 71360751181, 20230106162308, 20230106162813
01, 78878866702, 20230102015701, 20230102020617
01, 76615506877, 20230106053548, 20230106054120
02, 74835247585, 20230101100136, 20230101100431
02, 74208537078, 20230112015211, 20230112015341
01, 73142161414, 20230118031857, 20230118032009
02, 78235325451, 20230107121135, 20230107121911
02, 77433642407, 20230109054811, 20230109060040
02, 79388051049, 20230114090946, 20230114091715
01, 71673865741, 20230110052936, 20230110053204
01, 74457832676, 20230111223255, 20230111223403
01, 72603206505, 20230108062225, 20230108063109
01, 71177726280, 20230102124507, 20230102125716
01, 75668885571, 20230105095754, 20230105100031
02, 75405835758, 20230112043610, 20230112043655
01, 76642135626, 20230105150617, 20230105151225
02, 74670448026, 20230104110355, 20230104111307
01, 71332188135, 20230108105945, 20230108111247
01, 73282317605, 20230102224401, 20230102224616
01, 76786717652, 20230117153038, 20230117153707
01, 72040037274, 20230112033738, 20230112034032
02, 77620052837, 20230102083337, 20230102084641
02, 74357013472, 20230103062345, 20230103062548
01, 73142161414, 20230102020130, 20230102020853
02, 74457832676, 20230109194640, 20230109195414
02, 73143863353, 20230109083118, 20230109084410
01, 71857151135, 20230103204046, 20230103205033
02, 78248718466, 20230108114256, 20230108115629
02, 76564433007, 20230116183944, 20230116185304
01, 77706360787, 20230101093848, 20230101094911
02, 74401885031, 20230105223546, 20230105223556
01, 76003408862, 20230110111430, 20230110112805
01, 74614451604, 20230107124324, 20230107125545
01, 72040037274, 20230106021115, 20230106022249
01, 71412628404, 20230108014810, 20230108020003
02, 77620052837, 20230109003255, 20230109003747
02, 75136386948, 20230105143417, 20230105144220
02, 78878866702, 20230103012155, 20230103012327
01, 75817778087, 20230110052349, 20230110053330
01, 75613564065, 20230116035839, 20230116040505
01, 78720273880, 20230107113136, 20230107114525
01, 71673865741, 20230108183200, 20230108183247
01, 71271553653, 20230113151411, 20230113151617
01, 76003408862, 20230113074906, 20230113075646
01, 78613270203, 20230105210744, 20230105211201
01, 71836260208, 20230119043540, 20230119044249
02, 76642135626, 20230114205533, 20230114210700
02, 71332188135, 20230104055442, 20230104060023
02, 77706360787, 20230103052401, 20230103052822
02, 74764941928, 20230103010456, 20230103010714
01, 78878866702, 20230104211429, 20230104212421
01, 78248718466, 20230113091316, 20230113091807
02, 78576678245, 20230115003601, 20230115004033
01, 73077610376, 20230112130840, 20230112131201
01, 76456107261, 20230112202645, 20230112203515
01, 70734271608, 20230114035057, 20230114040510
01, 76467265108, 20230113040710, 20230113042154
02, 74748618140, 20230105233502, 20230105234133
01, 73383585527, 20230114004039, 20230114004649
01, 73142161414, 20230102171945, 20230102172820
01, 71664820471, 20230116005046, 20230116005314
01, 77646027632, 20230104060819, 20230104060820
01, 73456868225, 20230108030147, 20230108030836
01, 72758248210, 20230115154116, 20230115154530
01, 72603206505, 20230109165304, 20230109170224
02, 75448405366, 20230111232006, 20230111232320
02, 76564433007, 20230104151747, 20230104152413
01, 73077610376, 20230104091435, 20230104092421
02, 74670448026, 20230102090426, 20230102091711
01, 78217263346, 20230108102817, 20230108103732
02, 78352375782, 20230104042017, 20230104042249
02, 78338880438, 20230113134519, 20230113135354
02, 74136722215, 20230115184706, 20230115185749
02, 74566415231, 20230105214650, 20230105215155
02, 75717256032, 20230112012417, 20230112013522
01, 77620052837, 20230111235126, 20230112000531
01, 76642135626, 20230110103608, 20230110104015
01, 75523071025, 20230116045035, 20230116050058
02, 72603206505, 20230109213949, 20230109215309
02, 78876568780, 20230111194958, 20230111200415
01, 76078576120, 20230101085110, 20230101090438
01, 71253607126, 20230112221046, 20230112222010
01, 71356642746, 20230112201726, 20230112202157
02, 74208537078, 20230102111754, 20230102113020
01, 70734271608, 20230112040213, 20230112041527
01, 77433642407, 20230107070707, 20230107072144
01, 74748618140, 20230117053110, 20230117053515
01, 76615506877, 20230103020622, 20230103020751
01, 75660387747, 20230112094544, 20230112095201
01, 75668885571, 20230104113716, 20230104114215
02, 75361451216, 20230104221021, 20230104221745
02, 71360751181, 20230106161839, 20230106161849
02, 77504848371, 20230118234413, 20230118235358
02, 75613564065, 20230110194710, 20230110195842
02, 71356642746, 20230105051112, 20230105051429
01, 71271553653, 20230108160718, 20230108161224
01, 75585854417, 20230101141528, 20230101142120
02, 77646027632, 20230105050915, 20230105051811
01, 78058643854, 20230114072016, 20230114072624
01, 75600183716, 20230108161852, 20230108163332
01, 75030523014, 20230104173713, 20230104174943
01, 74670448026, 20230109091438, 20230109092635
02, 71836260208, 20230101004323, 20230101005752
01, 73077610376, 20230103004316, 20230103005621
01, 76456107261, 20230111042942, 20230111043535
01, 78876568780, 20230109204428, 20230109205037
02, 75660387747, 20230106035013, 20230106035143
02, 73282317605, 20230105202102, 20230105202846
01, 71836260208, 20230106213059, 20230106214251
02, 71120768682, 20230115110707, 20230115110816
02, 76467265108, 20230101153805, 20230101154249
01, 74835247585, 20230108025719, 20230108030028
02, 78872277785, 20230107012126, 20230107012901
01, 76615506877, 20230103201535, 20230103202946
01, 73282317605, 20230110032814, 20230110033214
02, 70295588234, 20230113224526, 20230113225137
01, 78217263346, 20230106182450, 20230106183933
01, 76564433007, 20230107000714, 20230107000733
02, 75361451216, 20230111075302, 20230111075502
02, 74357013472, 20230104134042, 20230104134259
01, 75668885571, 20230102211149, 20230102212407
01, 73608760417, 20230105131844, 20230105132354
01, 74835247585, 20230102195321, 20230102200520
01, 77646027632, 20230111100844, 20230111101410
01, 70412701260, 20230105071153, 20230105072142
02, 71356642746, 20230115092717, 20230115094152
02, 72603206505, 20230108015809, 20230108020110
01, 73456868225, 20230102105653, 20230102110715
01, 75717256032, 20230105224146, 20230105224250
02, 72356328766, 20230113112050, 20230113113008
02, 78613270203, 20230114051140, 20230114051933
02, 74704454345, 20230102223253, 20230102223352
02, 75162358164, 20230111131602, 20230111132545
02, 75660387747, 20230109105447, 20230109105620
02, 78352375782, 20230108085254, 20230108085827
01, 74704454345, 20230105111040, 20230105112538
02, 73383585527, 20230116145526, 20230116151017
01, 77637020781, 20230110223744, 20230110224221
02, 74357013472, 20230112173925, 20230112174149
01, 78352375782, 20230109111231, 20230109111405
02, 75668885571, 20230110125120, 20230110125344
02, 73077610376, 20230102074335, 20230102074807
02, 72320744637, 20230103233444, 20230103233929
02, 74670448026, 20230107200233, 20230107201519
01, 73608760417, 20230115215301, 20230115220142
01, 74748618140, 20230103044556, 20230103050039
02, 74136722215, 20230101225142, 20230101230610
02, 71360751181, 20230110075722, 20230110080226
01, 74136722215, 20230111111541, 20230111112538
02, 78720273880, 20230103165726, 20230103170700
02, 71857151135, 20230107092738, 20230107093416
01, 74457832676, 20230117102340, 20230117102812
02, 75448405366, 20230113043246, 20230113044145
02, 77504848371, 20230112123227, 20230112124301
02, 71253607126, 20230118124632, 20230118125609
01, 78872277785, 20230113115907, 20230113120049
02, 76003408862, 20230101223542, 20230101224557
02, 74614451604, 20230106171543, 20230106172052
01, 71271553653, 20230114111809, 20230114111955
02, 72278572176, 20230103042115, 20230103042751
01, 71857151135, 20230103083841, 20230103084224
01, 71817747727, 20230111012517, 20230111013939
01, 75717256032, 20230113233738, 20230113234226
01, 74670448026, 20230110104813, 20230110105230
02, 78338880438, 20230105043637, 20230105044644
01, 75030523014, 20230103044337, 20230103044946
02, 78352375782, 20230111205358, 20230111205559
01, 78613270203, 20230111053906, 20230111054045
02, 71673865741, 20230117202009, 20230117202403
01, 75585854417, 20230110171301, 20230110171840
02, 76786717652, 20230105133345, 20230105133752
02, 71120768682, 20230105041649, 20230105042548
02, 77504848371, 20230105003857, 20230105004809
01, 77433642407, 20230106220908, 20230106221718
02, 78338880438, 20230113001956, 20230113003014
02, 71817747727, 20230101044420, 20230101045358
01, 77813000631, 20230106022145, 20230106023315
02, 72278572176, 20230102042422, 20230102043057
02, 73608760417, 20230112085233, 20230112085327
02, 72320744637, 20230110014900, 20230110015928
01, 78872277785, 20230102210430, 20230102211638
01, 78248718466, 20230102081643, 20230102082254
01, 75817778087, 20230104031114, 20230104032415
01, 75523071025, 20230103075001, 20230103075312
02, 73608760417, 20230103151236, 20230103152703
01, 76786717652, 20230101083004, 20230101083523
01, 71271553653, 20230115190716, 20230115191658
02, 72758248210, 20230107112059, 20230107113134
02, 75811145556, 20230110203039, 20230110204418
02, 73142161414, 20230117102615, 20230117102817
02, 76456107261, 20230106032952, 20230106034044
02, 78720273880, 20230112041414, 20230112042024
01, 75600183716, 20230105232549, 20230105233350
01, 77433642407, 20230109005332, 20230109010731
01, 71582559519, 20230111012447, 20230111013730
01, 74614451604, 20230101162446, 20230101162625
01, 76615506877, 20230111024351, 20230111024518
02, 75613564065, 20230113141019, 20230113142229
02, 72040037274, 20230104142240, 20230104143536
01, 76786717652, 20230113222915, 20230113222948
01, 73383585527, 20230103110926, 20230103112336
02, 73077610376, 20230111065418, 20230111065424
02, 74208537078, 20230113053234, 20230113053335
02, 71857151135, 20230109091427, 20230109091724
02, 77706360787, 20230107122328, 20230107122851
01, 77706360787, 20230105044657, 20230105045242
02, 75523071025, 20230109212018, 20230109212642
01, 71253607126, 20230115193344, 20230115194132
01, 71582559519, 20230106061832, 20230106062135
01, 78248718466, 20230114070924, 20230114071131
01, 75387805521, 20230117101013, 20230117101108
01, 77433642407, 20230103191832, 20230103192119
01, 72720155182, 20230107224548, 20230107225618
01, 75668885571, 20230115025001, 20230115025748
01, 76456107261, 20230111193846, 20230111195021
01, 78876568780, 20230102235147, 20230102235552
02, 75030523014, 20230103070351, 20230103071102
01, 75585854417, 20230111035804, 20230111040150
01, 76615506877, 20230103062410, 20230103063112
02, 77433642407, 20230102091212, 20230102091537
02, 71332188135, 20230115160948, 20230115161414
02, 75361451216, 20230110164800, 20230110170015
02, 78878866702, 20230109213921, 20230109214647
01, 72040037274, 20230110160513, 20230110161414
02, 78613270203, 20230109123607, 20230109124448
01, 75636140844, 20230105132650, 20230105133545
02, 77504848371, 20230115170109, 20230115170944
01, 74748618140, 20230116193939, 20230116195059
02, 78872277785, 20230106052157, 20230106053512
02, 75613564065, 20230105195814, 20230105200039
02, 78576678245, 20230114045631, 20230114050025
01, 75405835758, 20230109112309, 20230109113330
01, 74764941928, 20230106183417, 20230106183729
01, 77620052837, 20230104065314, 20230104065413
01, 73115525531, 20230102112942, 20230102113904
01, 73383585527, 20230105064906, 20230105065242
01, 73456868225, 20230107231951, 20230107232324
01, 72603206505, 20230105152025, 20230105153427
01, 72278572176, 20230117033123, 20230117034541
01, 74208537078, 20230105091356, 20230105092832
02, 76786717652, 20230107185813, 20230107191253
01, 78640840275, 20230103213039, 20230103213341
01, 71664820471, 20230111070348, 20230111071210
02, 74764941928, 20230111204113, 20230111205223
02, 75600183716, 20230110122342, 20230110123214
01, 75448405366, 20230107134747, 20230107135750
01, 77646027632, 20230102074039, 20230102074526
02, 74764941928, 20230109024530, 20230109025126
01, 75811145556, 20230112110202, 20230112111300
02, 73438625461, 20230108155629, 20230108155754
02, 71836260208, 20230116001751, 20230116002131
01, 78872277785, 20230111141416, 20230111142607
01, 70086346752, 20230114091225, 20230114091255
02, 77646027632, 20230106030455, 20230106031244
02, 73077610376, 20230106075802, 20230106081127
02, 78248718466, 20230109023449, 20230109024628
01, 75817778087, 20230101064529, 20230101065318
02, 71014617042, 20230113232501, 20230113233322
02, 71332188135, 20230109011451, 20230109011903
01, 77620052837, 20230117003504, 20230117003527
02, 74670448026, 20230109151901, 20230109152353
02, 71177726280, 20230104122543, 20230104122804
02, 78640840275, 20230118105327, 20230118110747
01, 71761773874, 20230106195255, 20230106195705
01, 75817778087, 20230107082122, 20230107082242
01, 71761773874, 20230111034109, 20230111035405
02, 70086346752, 20230113034222, 20230113034924
02, 74764941928, 20230116214106, 20230116215201
01, 75668885571, 20230109125959, 20230109130641
01, 71271553653, 20230120170317, 20230120170907
01, 74723144208, 20230110193217, 20230110194204
01, 78640840275, 20230117124340, 20230117125548
01, 76564433007, 20230113135848, 20230113140809
01, 70295588234, 20230110003041, 20230110003624
01, 74723144208, 20230107165607, 20230107170134
02, 77646027632, 20230112030953, 20230112031711
02, 70734271608, 20230110074423, 20230110075032
01, 75523071025, 20230106005445, 20230106010535
02, 75162358164, 20230106062630, 20230106063637
01, 74614451604, 20230109154258, 20230109155755
01, 74401885031, 20230113014850, 20230113014908
01, 78876568780, 20230108083840, 20230108084941
02, 75388317487, 20230107145535, 20230107145914
02, 72538525620, 20230108212832, 20230108213310
02, 73282317605, 20230102011827, 20230102012052
02, 77706360787, 20230109031057, 20230109032005
02, 75417608504, 20230109182051, 20230109183018
01, 73608760417, 20230109065651, 20230109070908
02, 72758248210, 20230105165357, 20230105170031
02, 74136722215, 20230102030649, 20230102030859
02, 74457832676, 20230105114805, 20230105120025
01, 71360751181, 20230112214659, 20230112214746
02, 75162358164, 20230102170639, 20230102170915
02, 78248718466, 20230111161322, 20230111162224
01, 74704454345, 20230113194151, 20230113194918
02, 78576678245, 20230112040047, 20230112040714
01, 74136722215, 20230112160544, 20230112161124
01, 73142161414, 20230109104853, 20230109105137
02, 75817778087, 20230110201610, 20230110201622
01, 76642135626, 20230113150510, 20230113150808
01, 75202145768, 20230102071137, 20230102071215
02, 75162358164, 20230104161153, 20230104161648
01, 75600183716, 20230110043744, 20230110043745
02, 73142161414, 20230105055744, 20230105055817
02, 75668885571, 20230118055256, 20230118060355
02, 70295588234, 20230108072423, 20230108073116
01, 76078576120, 20230112064253, 20230112065303
01, 73282317605, 20230111173909, 20230111174829
02, 72758248210, 20230108075309, 20230108080057
02, 71360751181, 20230102114223, 20230102115239
01, 71412628404, 20230111193613, 20230111193728
02, 72320744637, 20230112225315, 20230112230331
02, 71673865741, 20230102145315, 20230102145821
01, 75387805521, 20230108094814, 20230108094935
02, 74357013472, 20230115150443, 20230115151510
01, 70086346752, 20230111180703, 20230111181340
01, 75636140844, 20230102204135, 20230102204719
01, 71836260208, 20230108112243, 20230108113128
01, 71177726280, 20230113081342, 20230113082811
02, 75405835758, 20230113182230, 20230113183404
02, 71412628404, 20230102141219, 20230102141221
02, 75585854417, 20230114164440, 20230114165521
02, 74670448026, 20230101072042, 20230101072140
01, 74401885031, 20230103100053, 20230103100819
01, 75668885571, 20230107160432, 20230107161330
01, 71271553653, 20230106200627, 20230106201216
01, 75202145768, 20230110121503, 20230110122525
02, 70086346752, 20230110180018, 20230110180046
02, 76786717652, 20230116213903, 20230116214149
01, 75668885571, 20230112024311, 20230112025741
02, 76615506877, 20230115134250, 20230115134450
01, 78872277785, 20230103133646, 20230103134957
02, 71271553653, 20230105202532, 20230105202845
01, 70295588234, 20230113124556, 20230113124637
02, 75136386948, 20230106222028, 20230106222542
02, 76078576120, 20230111182350, 20230111183057
02, 70086346752, 20230118120506, 20230118121750
01, 72720155182, 20230102141758, 20230102142036
02, 75387805521, 20230104084439, 20230104084718
02, 71271553653, 20230107085106, 20230107085138
02, 70086346752, 20230101210411, 20230101211115
01, 74764941928, 20230115180341, 20230115181311
01, 75136386948, 20230114075729, 20230114080731
01, 72603206505, 20230104230008, 20230104231032
01, 75585854417, 20230111163536, 20230111164602
01, 71673865741, 20230118141311, 20230118142537
02, 75405835758, 20230113235922, 20230114000310
02, 75202145768, 20230116035523, 20230116040100
01, 75717256032, 20230112151628, 20230112152225
02, 71014617042, 20230103212159, 20230103213355
01, 75030523014, 20230102092216, 20230102092826
02, 73142161414, 20230104045013, 20230104045111
01, 75811145556, 20230115192419, 20230115193758
02, 77433642407, 20230105201412, 20230105201457
02, 78720273880, 20230115062749, 20230115063220
02, 73115525531, 20230112025748, 20230112030825
01, 70412701260, 20230102232918, 20230102234322
01, 72758248210, 20230109205150, 20230109205631
02, 76564433007, 20230105032626, 20230105033559
02, 78338880438, 20230113232933, 20230113232940
02, 77813000631, 20230114132304, 20230114132326
02, 73438625461, 20230109192735, 20230109193450
02, 72720155182, 20230110143428, 20230110144856
02, 71582559519, 20230118214203, 20230118214649
02, 75448405366, 20230103054324, 20230103055703
02, 76456107261, 20230115161300, 20230115162347
01, 75361451216, 20230112005722, 20230112010601
01, 77620052837, 20230111125926, 20230111130232
02, 71664820471, 20230103125244, 20230103130559
01, 73143863353, 20230110213534, 20230110213940
01, 78872277785, 20230104033640, 20230104033643
02, 74401885031, 20230110223103, 20230110223331
02, 71836260208, 20230118051700, 20230118052800
01, 71664820471, 20230113093725, 20230113095041
02, 71120768682, 20230108160952, 20230108161029
01, 74835247585, 20230106011646, 20230106012133
01, 71817747727, 20230103191456, 20230103191723
02, 72040037274, 20230109154139, 20230109154501
01, 72720155182, 20230105061759, 20230105062751
01, 78352375782, 20230106183141, 20230106184533
02, 75030523014, 20230114092016, 20230114092212
01, 73438625461, 20230110001544, 20230110002131
01, 78878866702, 20230112053847, 20230112054421
02, 75717256032, 20230107060419, 20230107061329
02, 76564433007, 20230107033411, 20230107033706
01, 73456868225, 20230116024157, 20230116025652
01, 73608760417, 20230106124853, 20230106130154
02, 73383585527, 20230106015007, 20230106015713
01, 73115525531, 20230108174314, 20230108174627
01, 76564433007, 20230116145824, 20230116151256
01, 78872277785, 20230106212926, 20230106213438
02, 75523071025, 20230108071109, 20230108072503
01, 78640840275, 20230111074931, 20230111075218
01, 72603206505, 20230105002730, 20230105004035
02, 77813000631, 20230107214929, 20230107215441
02, 73383585527, 20230109134934, 20230109135113
01, 75361451216, 20230102184953, 20230102185615
01, 75448405366, 20230111125633, 20230111130654
01, 73438625461, 20230104155216, 20230104155405
01, 78352375782, 20230109194049, 20230109194158
01, 78872277785, 20230104195507, 20230104200037
01, 78338880438, 20230116123723, 20230116123753
01, 75811145556, 20230108210105, 20230108210409
02, 77646027632, 20230107094720, 20230107095501
02, 78352375782, 20230105143514, 20230105143913
02, 71253607126, 20230114192348, 20230114193803
01, 73115525531, 20230103111645, 20230103112417
02, 71836260208, 20230112035129, 20230112035948
01, 73282317605, 20230113014553, 20230113015627
01, 78720273880, 20230110235058, 20230111000415
02, 73115525531, 20230103135731, 20230103141045
01, 78613270203, 20230102130134, 20230102130528
02, 76564433007, 20230105180558, 20230105181524
02, 79388051049, 20230112031633, 20230112032511
02, 75387805521, 20230105163059, 20230105164232
02, 71582559519, 20230108144051, 20230108145235
01, 76786717652, 20230112075730, 20230112081036
01, 71120768682, 20230102031913, 20230102032224
02, 78235325451, 20230113224335, 20230113225118
01, 75388317487, 20230112145847, 20230112145953
02, 75600183716, 20230110192021, 20230110192827
02, 78720273880, 20230115025040, 20230115025828
01, 71271553653, 20230116085543, 20230116085915
02, 74457832676, 20230105200302, 20230105200740
01, 72344908255, 20230110124436, 20230110125553
02, 73282317605, 20230107054807, 20230107055802
02, 71271553653, 20230119033105, 20230119034525
02, 71014617042, 20230107095531, 20230107100250
02, 76003408862, 20230110184959, 20230110185503
01, 78576678245, 20230108140444, 20230108141553
01, 76615506877, 20230110062559, 20230110063604
01, 71817747727, 20230106104832, 20230106105207
01, 72344908255, 20230108204132, 20230108204551
02, 72344908255, 20230116155810, 20230116161303
02, 71761773874, 20230102114017, 20230102115205
01, 72344908255, 20230115025756, 20230115030537
01, 75636140844, 20230106153729, 20230106154444
02, 76456107261, 20230104022253, 20230104023542
01, 71857151135, 20230105224904, 20230105225515
02, 70734271608, 20230102175139, 20230102175829
02, 78876568780, 20230117080753, 20230117081308
02, 77620052837, 20230116061055, 20230116061424
01, 72538525620, 20230114090055, 20230114090301
02, 72356328766, 20230112105901, 20230112110612
01, 77637020781, 20230114085035, 20230114085148
01, 71014617042, 20230116123814, 20230116124537
01, 72040037274, 20230108221914, 20230108222848
02, 76003408862, 20230104010909, 20230104012105
01, 73282317605, 20230102002330, 20230102002427
02, 75162358164, 20230102102455, 20230102103458
02, 75613564065, 20230115004803, 20230115010144
01, 74357013472, 20230106054617, 20230106054859
02, 70734271608, 20230107090122, 20230107091609
02, 75600183716, 20230113075647, 20230113080551
02, 75717256032, 20230104154339, 20230104155506
02, 78058643854, 20230104065616, 20230104070757
02, 70734271608, 20230105162439, 20230105162447
02, 71332188135, 20230105055418, 20230105060002
01, 78576678245, 20230106074512, 20230106075022
02, 76078576120, 20230107203922, 20230107204827
02, 78058643854, 20230111210106, 20230111211247
01, 75817778087, 20230113133223, 20230113134149
02, 72603206505, 20230109153140, 20230109153753
01, 78720273880, 20230105114618, 20230105120011
01, 73608760417, 20230108212633, 20230108213749
01, 73438625461, 20230112132310, 20230112133114
02, 75388317487, 20230112111956, 20230112112923
02, 75387805521, 20230110022802, 20230110023736
01, 71014617042, 20230114054231, 20230114055529
01, 72720155182, 20230105164034, 20230105164132
01, 73608760417, 20230113222102, 20230113222211
02, 78248718466, 20230104213001, 20230104213657
02, 71120768682, 20230102174859, 20230102175636
01, 73438625461, 20230107121613, 20230107121651
01, 77620052837, 20230106194823, 20230106195047
01, 79388051049, 20230116145811, 20230116150435
01, 78640840275, 20230110190458, 20230110191729
01, 76467265108, 20230102102352, 20230102103144
02, 73456868225, 20230108202119, 20230108203256
02, 74670448026, 20230113063941, 20230113064410
01, 71412628404, 20230101163818, 20230101164354
02, 72538525620, 20230115130537, 20230115131237
01, 73456868225, 20230105163926, 20230105164009
02, 72356328766, 20230112191230, 20230112191637
02, 75817778087, 20230113165146, 20230113170405
01, 75668885571, 20230113082018, 20230113083400
01, 77813000631, 20230102183411, 20230102184635
02, 73143863353, 20230103111150, 20230103111230
02, 73115525531, 20230116201000, 20230116201053
01, 73456868225, 20230111202158, 20230111202511
02, 74704454345, 20230108181153, 20230108181819
01, 78878866702, 20230109182839, 20230109182932
01, 71360751181, 20230104125548, 20230104130900
02, 72040037274, 20230114095920, 20230114100430
01, 72538525620, 20230107071319, 20230107072111
01, 70412701260, 20230101195543, 20230101200302
02, 77433642407, 20230104075718, 20230104080521
01, 79388051049, 20230106181506, 20230106181558
02, 78235325451, 20230105205711, 20230105211115
01, 73077610376, 20230110192030, 20230110192045
01, 75523071025, 20230117204724, 20230117205326
01, 74748618140, 20230101020341, 20230101020625
02, 79388051049, 20230107222812, 20230107223400
02, 75405835758, 20230106151308, 20230106152024
02, 76456107261, 20230102211059, 20230102211525
02, 76615506877, 20230114160813, 20230114161518
02, 77813000631, 20230115024547, 20230115025426
01, 78058643854, 20230107181716, 20230107182203
02, 71271553653, 20230112144627, 20230112145906
01, 74764941928, 20230106085048, 20230106090530
01, 75817778087, 20230106135406, 20230106140350
02, 76615506877, 20230105013004, 20230105014226
02, 75136386948, 20230115173904, 20230115174204
02, 71761773874, 20230113111751, 20230113112035
02, 74704454345, 20230101051551, 20230101051931
02, 75417608504, 20230115110657, 20230115111843
02, 78878866702, 20230103153539, 20230103153604
01, 70734271608, 20230110184013, 20230110185000
02, 71582559519, 20230113170530, 20230113170911
01, 76467265108, 20230101094014, 20230101094736
02, 75636140844, 20230115092031, 20230115092951
01, 75361451216, 20230101144744, 20230101145020
01, 71412628404, 20230108212642, 20230108212824
02, 75613564065, 20230107123541, 20230107124114
02, 78576678245, 20230116055610, 20230116060427
02, 78613270203, 20230110003615, 20230110004509
01, 73608760417, 20230102103423, 20230102103628
01, 79388051049, 20230116192139, 20230116192427
01, 72278572176, 20230116062016, 20230116062240
01, 71582559519, 20230116192556, 20230116192820
01, 70734271608, 20230109144941, 20230109145753
01, 71356642746, 20230104022057, 20230104022933
02, 76615506877, 20230110033127, 20230110033525
01, 76642135626, 20230109220257, 20230109221020
01, 74704454345, 20230103175635, 20230103180551
02, 75717256032, 20230110153135, 20230110153541
01, 78640840275, 20230112101549, 20230112101916
02, 73438625461, 20230115110751, 20230115111103
02, 78576678245, 20230107064405, 20230107065808
01, 73608760417, 20230105155913, 20230105161123
02, 77433642407, 20230114103602, 20230114104034
01, 76642135626, 20230105015058, 20230105015835
02, 74457832676, 20230107025940, 20230107030746
02, 75660387747, 20230107054723, 20230107055718
01, 71857151135, 20230112125122, 20230112125828
01, 75448405366, 20230101141711, 20230101142011
02, 78613270203, 20230102052802, 20230102053209
02, 75613564065, 20230103235002, 20230103235009
02, 72538525620, 20230103072230, 20230103072720
02, 75387805521, 20230121025037, 20230121025115
02, 75523071025, 20230112172047, 20230112172818
02, 77620052837, 20230111104009, 20230111105105
01, 71177726280, 20230110011328, 20230110012008
01, 75636140844, 20230119215826, 20230119220717
02, 75448405366, 20230116214759, 20230116215732
02, 71177726280, 20230107083804, 20230107084209
02, 75717256032, 20230117174445, 20230117175147
01, 73438625461, 20230103013831, 20230103014506
02, 75202145768, 20230111080016, 20230111080334
01, 71857151135, 20230108010436, 20230108011144
01, 71664820471, 20230108124030, 20230108124544
02, 71332188135, 20230111171056, 20230111171952
02, 78720273880, 20230113072453, 20230113072506
01, 72356328766, 20230111033814, 20230111033852
02, 78720273880, 20230112173647, 20230112174740
01, 78613270203, 20230108201357, 20230108202826
02, 73143863353, 20230101130359, 20230101130844
02, 72356328766, 20230107124056, 20230107124508
01, 73383585527, 20230110125728, 20230110125953
02, 76003408862, 20230115014135, 20230115015128
01, 71664820471, 20230113200629, 20230113201524
02, 78876568780, 20230102160713, 20230102161345
02, 77637020781, 20230115001807, 20230115002554
01, 74614451604, 20230112200637, 20230112201705
01, 75636140844, 20230111230647, 20230111231006
01, 78576678245, 20230110040322, 20230110040946
01, 71177726280, 20230107024837, 20230107030003
01, 72720155182, 20230108212807, 20230108214121
02, 76786717652, 20230110094813, 20230110095326
02, 75660387747, 20230113134739, 20230113135737
02, 74704454345, 20230109182854, 20230109183701
01, 76615506877, 20230105004804, 20230105005326
01, 72538525620, 20230114133510, 20230114134015
02, 71761773874, 20230109160840, 20230109161656
01, 74704454345, 20230111170922, 20230111171228
01, 78217263346, 20230101200656, 20230101201035
01, 74723144208, 20230106083427, 20230106084119
02, 78217263346, 20230105024137, 20230105024714
02, 71412628404, 20230103031025, 20230103031451
02, 71360751181, 20230114072306, 20230114073241
02, 73282317605, 20230102090109, 20230102091605
01, 75613564065, 20230105013345, 20230105014546
02, 75585854417, 20230112211915, 20230112212131
02, 70295588234, 20230114231731, 20230114232339
02, 71582559519, 20230115064457, 20230115065550
01, 73438625461, 20230114093306, 20230114093853
02, 75448405366, 20230116065151, 20230116065812
01, 77433642407, 20230113213829, 20230113215148
02, 72720155182, 20230108163416, 20230108163924
01, 71253607126, 20230112172228, 20230112172303
01, 73143863353, 20230114044522, 20230114045649
01, 75636140844, 20230114143542, 20230114144136
01, 74764941928, 20230113145813, 20230113151115
02, 71664820471, 20230109041709, 20230109042006
01, 72720155182, 20230114190123, 20230114191134
01, 70295588234, 20230105214133, 20230105214823
02, 71177726280, 20230107155022, 20230107155734
01, 71582559519, 20230112105630, 20230112110841
02, 71360751181, 20230104044000, 20230104044217
02, 78217263346, 20230108075124, 20230108080445
01, 71664820471, 20230107150045, 20230107151438
01, 71761773874, 20230112061945, 20230112062756
02, 71014617042, 20230110154918, 20230110155735
02, 74704454345, 20230107033258, 20230107034526
01, 74357013472, 20230116154340, 20230116155657
01, 71253607126, 20230119191331, 20230119191732
02, 74835247585, 20230116135744, 20230116140831
02, 75668885571, 20230114045158, 20230114045554
01, 74566415231, 20230105220405, 20230105220500
01, 71817747727, 20230113203233, 20230113203852
02, 72040037274, 20230107074744, 20230107075237
01, 75388317487, 20230110065936, 20230110070446
01, 78058643854, 20230102183851, 20230102184502
02, 75030523014, 20230104063559, 20230104063815
01, 70734271608, 20230106170855, 20230106171703
01, 77813000631, 20230112143529, 20230112143926
01, 73115525531, 20230104090505, 20230104090923
01, 78876568780, 20230115051642, 20230115051931
01, 75811145556, 20230106111942, 20230106112250
01, 77646027632, 20230112153800, 20230112154330
02, 74357013472, 20230116171148, 20230116172344
01, 78248718466, 20230114165514, 20230114165738
02, 75417608504, 20230105070328, 20230105071057
02, 77813000631, 20230108234034, 20230108235427
01, 75387805521, 20230111033905, 20230111034730
01, 76003408862, 20230101091756, 20230101092539
02, 75387805521, 20230102053745, 20230102054856
01, 77504848371, 20230114034534, 20230114034949
02, 75387805521, 20230107053229, 20230107053543
01, 74357013472, 20230114005042, 20230114005417
01, 73608760417, 20230116081642, 20230116082028
02, 76003408862, 20230108191748, 20230108192316
01, 71412628404, 20230113121144, 20230113122432
02, 72356328766, 20230105160351, 20230105161034
02, 74670448026, 20230108173337, 20230108174323
02, 75388317487, 20230114015816, 20230114020823
02, 78876568780, 20230109192404, 20230109193542
01, 73456868225, 20230103133926, 20230103134050
01, 74566415231, 20230102212513, 20230102213512
01, 77637020781, 20230110035212, 20230110035525
02, 78235325451, 20230106054837, 20230106055541
02, 71412628404, 20230114074920, 20230114075433
02, 74401885031, 20230111134237, 20230111135528
02, 74723144208, 20230114173638, 20230114174238
02, 75405835758, 20230117134956, 20230117135953
01, 75613564065, 20230118013808, 20230118014232
02, 73077610376, 20230109213428, 20230109213804
01, 78352375782, 20230114012523, 20230114013244
01, 72278572176, 20230107010930, 20230107011817
02, 74566415231, 20230114165931, 20230114170400
01, 76003408862, 20230111080427, 20230111080802
02, 75417608504, 20230105223311, 20230105223415
02, 73077610376, 20230111073828, 20230111074848
02, 78352375782, 20230108163015, 20230108163054
01, 72344908255, 20230112174025, 20230112174635
02, 78217263346, 20230109174240, 20230109174951
01, 71412628404, 20230115073031, 20230115074121
01, 78720273880, 20230108001622, 20230108002128
02, 71356642746, 20230104162701, 20230104163119
01, 75817778087, 20230107092237, 20230107093512
01, 74136722215, 20230116010754, 20230116012220
01, 74457832676, 20230110084035, 20230110084151
01, 72720155182, 20230112192718, 20230112193046
02, 77706360787, 20230104191909, 20230104192153
02, 78235325451, 20230106194321, 20230106195123
01, 74748618140, 20230110130141, 20230110130843
02, 78576678245, 20230104195930, 20230104201004
02, 73383585527, 20230110080822, 20230110082153
01, 71356642746, 20230108204820, 20230108205125
01, 75448405366, 20230104070959, 20230104071053
02, 75717256032, 20230114204936, 20230114205558
01, 74208537078, 20230111024743, 20230111025402
02, 71177726280, 20230106150522, 20230106151625
01, 75136386948, 20230111094355, 20230111094418
02, 75405835758, 20230118090148, 20230118090601
01, 76786717652, 20230103023744, 20230103025111
01, 73115525531, 20230119145833, 20230119150956
02, 71817747727, 20230112122253, 20230112122436
02, 71761773874, 20230108070737, 20230108071802
02, 75387805521, 20230120144207, 20230120144337
01, 71857151135, 20230108081002, 20230108081321
01, 76467265108, 20230111193927, 20230111195238
02, 71177726280, 20230109105315, 20230109110748
01, 73383585527, 20230103033232, 20230103033659
02, 73077610376, 20230104103409, 20230104103520
01, 75523071025, 20230113095943, 20230113100920
02, 71120768682, 20230109012220, 20230109013231
02, 75636140844, 20230106214947, 20230106215406
02, 76467265108, 20230111100341, 20230111101043
02, 73077610376, 20230113070530, 20230113071747
01, 75660387747, 20230111045212, 20230111045626
02, 71253607126, 20230111050811, 20230111052301
01, 77646027632, 20230102172835, 20230102174312
02, 71664820471, 20230112111113, 20230112111454
01, 75388317487, 20230106091858, 20230106092142
02, 75585854417, 20230103030138, 20230103030205
02, 78235325451, 20230102153200, 20230102154122
02, 75585854417, 20230104074800, 20230104074830
01, 76786717652, 20230113014300, 20230113015108
02, 71120768682, 20230114230629, 20230114230846
02, 78876568780, 20230111121831, 20230111123101
01, 71253607126, 20230101224500, 20230101225935
01, 72320744637, 20230109051403, 20230109052207
02, 78576678245, 20230103093344, 20230103093815
01, 71356642746, 20230109124005, 20230109125010
02, 73143863353, 20230106224431, 20230106224442
02, 75660387747, 20230108104738, 20230108105458
01, 78878866702, 20230105190232, 20230105191331
02, 71412628404, 20230110002204, 20230110003520
01, 75162358164, 20230107234609, 20230107235714
02, 75417608504, 20230112151339, 20230112151923
02, 72320744637, 20230108212546, 20230108213913
01, 74136722215, 20230113094427, 20230113095530
02, 75417608504, 20230101101321, 20230101102244
02, 75613564065, 20230108053910, 20230108054214
01, 76564433007, 20230111141713, 20230111142355
01, 77646027632, 20230109175635, 20230109181129
02, 72344908255, 20230116000528, 20230116001046
02, 77813000631, 20230116064002, 20230116064213
01, 78338880438, 20230107100457, 20230107101345
02, 71356642746, 20230107205832, 20230107210035
02, 71360751181, 20230108181244, 20230108181654
01, 77646027632, 20230102200415, 20230102200751
01, 71253607126, 20230104080423, 20230104080626
02, 74208537078, 20230102050752, 20230102051154
02, 75717256032, 20230101012519, 20230101013349
02, 75660387747, 20230105071351, 20230105072110
01, 74136722215, 20230114100929, 20230114102345
02, 73143863353, 20230103014550, 20230103015257
01, 78640840275, 20230109011259, 20230109011434
02, 73383585527, 20230115121450, 20230115121615
02, 76456107261, 20230107050818, 20230107051006
01, 78876568780, 20230113170047, 20230113170125
02, 73608760417, 20230106110834, 20230106110950
02, 78235325451, 20230104190653, 20230104191819
02, 75668885571, 20230101194502, 20230101195226
02, 70412701260, 20230111143010, 20230111144441
01, 75717256032, 20230103114238, 20230103115318
02, 79388051049, 20230110020130, 20230110021135
01, 71836260208, 20230116224252, 20230116224439
02, 71817747727, 20230116013357, 20230116013439
02, 74136722215, 20230106072313, 20230106073335
01, 74723144208, 20230109072848, 20230109074321
02, 78720273880, 20230104000055, 20230104001303
02, 75388317487, 20230109043050, 20230109044445
01, 74566415231, 20230104122816, 20230104123752
01, 75136386948, 20230112125751, 20230112130841
02, 75202145768, 20230115055114, 20230115060420
02, 78720273880, 20230116001518, 20230116002051
02, 73142161414, 20230112090332, 20230112091403
02, 76642135626, 20230114040332, 20230114040719
01, 72320744637, 20230106102047, 20230106103129
02, 70086346752, 20230105214320, 20230105214438
02, 75387805521, 20230112001706, 20230112003120
02, 72344908255, 20230111213751, 20230111215249
01, 76786717652, 20230108155418, 20230108160017
02, 73608760417, 20230110190146, 20230110190538
02, 70412701260, 20230113120342, 20230113121252
02, 71857151135, 20230111053139, 20230111054530
02, 75585854417, 20230115235745, 20230115235954
02, 78872277785, 20230107162831, 20230107163703
02, 71014617042, 20230106004559, 20230106005244
02, 75417608504, 20230104054704, 20230104055237
02, 72040037274, 20230107004843, 20230107010045
02, 76642135626, 20230107213942, 20230107214521
01, 74457832676, 20230102104025, 20230102104949
01, 75585854417, 20230110170727, 20230110171209
02, 74566415231, 20230105200937, 20230105202159
01, 71836260208, 20230110154920, 20230110160111
01, 70412701260, 20230106023655, 20230106025145
02, 77646027632, 20230109160937, 20230109161331
02, 75162358164, 20230103013309, 20230103014323
01, 75811145556, 20230105064849, 20230105070047
01, 71857151135, 20230102044711, 20230102045544
02, 72603206505, 20230111072118, 20230111073151
02, 78217263346, 20230103110322, 20230103111031
02, 72603206505, 20230107003950, 20230107004535
02, 71332188135, 20230114203029, 20230114204038
01, 75636140844, 20230116074657, 20230116075125
01, 78235325451, 20230112203049, 20230112203231
01, 74723144208, 20230107073349, 20230107073903
01, 71817747727, 20230104142137, 20230104143455
01, 78235325451, 20230110085341, 20230110090008
02, 73142161414, 20230108131000, 20230108131229
02, 73077610376, 20230101015509, 20230101020743
02, 72320744637, 20230106121237, 20230106122416
01, 74614451604, 20230115004946, 20230115005524
01, 74764941928, 20230114121200, 20230114121410
02, 75030523014, 20230107210736, 20230107211938
02, 71412628404, 20230117172746, 20230117173142
01, 75361451216, 20230108105452, 20230108105916
02, 71673865741, 20230113212521, 20230113213710
02, 78613270203, 20230113010414, 20230113011216
02, 77620052837, 20230110014037, 20230110014648
01, 75448405366, 20230110093331, 20230110093635
01, 78878866702, 20230103165123, 20230103170120
01, 74208537078, 20230104044047, 20230104044446
01, 71836260208, 20230103024857, 20230103025717
02, 78248718466, 20230110094514, 20230110094857
02, 75523071025, 20230114200116, 20230114200228
01, 78235325451, 20230102072349, 20230102073241
02, 75817778087, 20230114011201, 20230114012647
01, 76456107261, 20230105151814, 20230105152209
02, 71412628404, 20230104025823, 20230104030119
02, 71356642746, 20230103104535, 20230103105929
02, 76786717652, 20230111104319, 20230111104538
02, 74401885031, 20230101171237, 20230101171428
02, 78058643854, 20230109221920, 20230109222950
02, 74670448026, 20230103234811, 20230103235002
01, 74208537078, 20230110225327, 20230110225548
01, 72320744637, 20230101211213, 20230101211411
01, 70734271608, 20230104035801, 20230104040536
02, 71332188135, 20230113113131, 20230113113824
02, 77706360787, 20230106034255, 20230106034342
01, 77706360787, 20230111094451, 20230111094642
02, 72278572176, 20230108112312, 20230108112931
02, 78878866702, 20230105113015, 20230105113312
02, 72344908255, 20230103072733, 20230103073209
02, 74835247585, 20230108190324, 20230108190645
02, 74401885031, 20230107155115, 20230107155837
02, 78352375782, 20230102171622, 20230102172148
01, 70295588234, 20230111075801, 20230111080156
02, 73608760417, 20230112071447, 20230112072655
02, 72538525620, 20230113085304, 20230113090431
01, 72538525620, 20230109224550, 20230109225749
02, 78872277785, 20230108130444, 20230108130908
02, 74208537078, 20230114185335, 20230114190353
02, 77637020781, 20230115092327, 20230115093721
01, 78338880438, 20230108182804, 20230108183414
02, 77646027632, 20230115142632, 20230115143111
02, 76467265108, 20230105133330, 20230105133801
02, 78576678245, 20230112064906, 20230112065046
02, 79388051049, 20230112152921, 20230112153753
01, 71014617042, 20230108221503, 20230108221808
02, 70086346752, 20230119201457, 20230119201749
02, 78235325451, 20230111211533, 20230111212420
01, 75361451216, 20230107031913, 20230107032236
02, 74764941928, 20230115024843, 20230115025909
02, 78872277785, 20230110073751, 20230110075150
01, 74457832676, 20230117073445, 20230117074452
01, 70734271608, 20230105005802, 20230105005926
02, 76456107261, 20230110183744, 20230110184618
01, 75660387747, 20230113111436, 20230113111646
02, 73077610376, 20230104104749, 20230104110136
01, 71332188135, 20230102102924, 20230102102943
02, 77637020781, 20230108015806, 20230108020903
01, 74614451604, 20230116215201, 20230116220115
02, 73383585527, 20230113000500, 20230113001838
02, 72278572176, 20230112201310, 20230112202505
02, 70086346752, 20230103041558, 20230103042155
01, 73115525531, 20230110051053, 20230110051804
01, 77637020781, 20230107184953, 20230107185424
01, 76642135626, 20230103004928, 20230103005733
01, 72344908255, 20230104155343, 20230104155516
02, 77504848371, 20230108110214, 20230108110843
02, 75361451216, 20230102180101, 20230102180158
01, 73608760417, 20230106234236, 20230106234949
01, 76615506877, 20230112091857, 20230112093315
01, 75660387747, 20230110151819, 20230110153100
01, 78338880438, 20230115015220, 20230115020613
02, 72758248210, 20230107043410, 20230107043422
01, 74401885031, 20230112063537, 20230112064743
01, 71836260208, 20230114142237, 20230114142855
02, 75448405366, 20230117222129, 20230117223118
01, 74835247585, 20230111115917, 20230111121042
01, 73438625461, 20230106014607, 20230106020050
02, 76786717652, 20230117023224, 20230117023834
01, 71332188135, 20230110151916, 20230110152540
02, 70412701260, 20230116053901, 20230116054146
02, 77706360787, 20230114190547, 20230114191841
02, 73383585527, 20230111201449, 20230111202235
02, 74401885031, 20230103033221, 20230103033308
02, 71253607126, 20230106112013, 20230106112149
02, 71857151135, 20230110143101, 20230110143923
01, 74704454345, 20230108032229, 20230108032557
02, 76467265108, 20230102183254, 20230102183543
02, 72356328766, 20230107232239, 20230107233605
02, 74357013472, 20230111130734, 20230111131408
02, 75448405366, 20230114154703, 20230114155940
02, 75202145768, 20230112175904, 20230112181033
01, 78248718466, 20230103222158, 20230103222343
02, 71664820471, 20230113104147, 20230113104702
02, 75585854417, 20230105024237, 20230105025440
01, 71014617042, 20230110022235, 20230110023150
02, 71332188135, 20230103065344, 20230103070656
02, 71664820471, 20230104233151, 20230104233502
02, 75162358164, 20230113134117, 20230113135042
01, 78640840275, 20230103194226, 20230103194922
02, 78872277785, 20230103083534, 20230103085010
01, 71582559519, 20230117140643, 20230117141150
02, 74764941928, 20230110110718, 20230110111527
01, 78248718466, 20230111070938, 20230111071256
02, 77706360787, 20230111014731, 20230111015109
01, 78576678245, 20230108084500, 20230108084800
02, 73142161414, 20230106204803, 20230106205839
01, 75717256032, 20230116093708, 20230116094621
02, 75030523014, 20230113234600, 20230113235458
02, 72344908255, 20230105175736, 20230105180200
02, 73115525531, 20230119015002, 20230119015703
01, 76642135626, 20230104125835, 20230104130922
01, 71356642746, 20230115160236, 20230115160617
01, 71360751181, 20230112183728, 20230112184702
02, 78235325451, 20230108234250, 20230108234404
01, 74566415231, 20230108160605, 20230108162046
02, 77433642407, 20230112075909, 20230112081240
01, 70295588234, 20230105144501, 20230105145924
02, 71177726280, 20230107190257, 20230107191725
01, 76003408862, 20230109105849, 20230109110939
01, 78248718466, 20230114102745, 20230114103853
02, 75585854417, 20230113104836, 20230113110001
01, 74748618140, 20230113031640, 20230113032107
01, 76786717652, 20230110004209, 20230110004504
02, 73142161414, 20230108141324, 20230108141359
01, 77646027632, 20230102121021, 20230102121445
01, 71664820471, 20230109174130, 20230109174345
02, 78720273880, 20230114115627, 20230114120302
01, 72278572176, 20230108092229, 20230108092957
01, 78613270203, 20230103064946, 20230103070043
01, 76003408862, 20230115011943, 20230115012347
01, 79388051049, 20230106101023, 20230106101952
01, 78576678245, 20230101195650, 20230101201023
01, 73077610376, 20230111153941, 20230111155358
01, 72040037274, 20230111092548, 20230111093713
02, 74614451604, 20230103101314, 20230103102652
02, 74614451604, 20230114033954, 20230114034948
01, 78872277785, 20230113020410, 20230113021431
01, 76467265108, 20230105115123, 20230105115410
02, 76642135626, 20230102055014, 20230102055451
01, 74614451604, 20230109035556, 20230109040330
02, 70086346752, 20230109234047, 20230109235403
01, 76078576120, 20230109082004, 20230109082420
01, 75817778087, 20230103002444, 20230103003353
02, 75417608504, 20230113110245, 20230113111150
02, 75636140844, 20230117023058, 20230117023718
02, 78640840275, 20230113144212, 20230113144310
02, 77706360787, 20230107195743, 20230107200022
01, 75817778087, 20230109013706, 20230109014049
02, 72603206505, 20230105005010, 20230105010115
02, 71360751181, 20230104002305, 20230104003322
01, 72320744637, 20230115095759, 20230115100941
01, 72278572176, 20230104174945, 20230104175820
01, 75523071025, 20230108110747, 20230108111104
02, 72344908255, 20230109010359, 20230109010359
01, 71253607126, 20230107204257, 20230107204624
01, 77706360787, 20230105105415, 20230105105704
01, 77637020781, 20230105133355, 20230105134637
02, 70295588234, 20230112193158, 20230112193219
01, 75717256032, 20230112130605, 20230112131544
02, 74704454345, 20230114121008, 20230114121512
02, 71412628404, 20230112173411, 20230112173951
01, 73115525531, 20230110150816, 20230110151745
02, 75030523014, 20230105083457, 20230105084900
02, 74457832676, 20230115063152, 20230115063721
01, 74614451604, 20230107004329, 20230107005447
01, 78872277785, 20230103214609, 20230103214653
01, 77620052837, 20230105071206, 20230105072550
01, 74401885031, 20230105120921, 20230105122158
02, 77433642407, 20230107161330, 20230107161842
01, 76467265108, 20230109230354, 20230109230457
01, 75162358164, 20230101184128, 20230101184844
02, 78235325451, 20230112131338, 20230112132256
02, 76467265108, 20230113060658, 20230113061157
01, 71356642746, 20230113010023, 20230113010045
02, 74723144208, 20230112094702, 20230112095616
01, 75523071025, 20230112070123, 20230112071004
01, 70412701260, 20230109033514, 20230109034430
01, 77433642407, 20230110191720, 20230110192921
01, 78613270203, 20230109203632, 20230109204211
01, 70734271608, 20230109162803, 20230109164223
01, 71332188135, 20230114221805, 20230114222702
01, 74723144208, 20230103133111, 20230103133438
02, 77813000631, 20230116042117, 20230116042702
01, 78576678245, 20230114113613, 20230114114948
01, 75600183716, 20230105182159, 20230105182844
01, 72278572176, 20230113215958, 20230113220542
01, 75405835758, 20230112112225, 20230112112317
02, 73282317605, 20230108195649, 20230108200023
01, 78613270203, 20230108125615, 20230108130147
01, 75613564065, 20230107062629, 20230107063019
02, 76078576120, 20230110052042, 20230110052812
02, 79388051049, 20230110140439, 20230110140824
02, 72603206505, 20230110200723, 20230110201249
02, 71360751181, 20230105234516, 20230105235022
02, 78640840275, 20230102055239, 20230102055542
01, 78878866702, 20230111062834, 20230111063024
01, 74357013472, 20230109162012, 20230109163040
02, 71582559519, 20230115160705, 20230115161846
02, 73282317605, 20230112172528, 20230112172637
01, 76078576120, 20230101164618, 20230101165605
02, 74208537078, 20230116110748, 20230116110925
01, 72356328766, 20230103010334, 20230103011559
02, 75585854417, 20230106070318, 20230106071510
02, 75162358164, 20230112035219, 20230112040038
01, 71761773874, 20230106063402, 20230106063736
02, 75668885571, 20230106125658, 20230106125736
02, 71014617042, 20230110150410, 20230110151606
02, 78338880438, 20230107184422, 20230107185431
02, 71836260208, 20230106074524, 20230106075804
01, 71014617042, 20230102095422, 20230102095849
02, 76615506877, 20230113195145, 20230113195942
01, 73143863353, 20230108015615, 20230108015946
02, 75523071025, 20230113133928, 20230113134250
01, 78217263346, 20230110172802, 20230110173417
02, 77637020781, 20230103082532, 20230103082927
02, 75600183716, 20230103132650, 20230103132734
01, 78235325451, 20230115023227, 20230115023958
02, 76642135626, 20230112021922, 20230112021939
02, 75523071025, 20230116190726, 20230116191505
02, 76564433007, 20230107142405, 20230107142652
02, 74723144208, 20230117230859, 20230117231512
02, 76642135626, 20230104022620, 20230104023811
01, 71817747727, 20230102121653, 20230102123030
02, 72320744637, 20230104012111, 20230104013400
02, 75817778087, 20230111135214, 20230111140255
01, 73142161414, 20230111151020, 20230111151827
01, 74670448026, 20230105194138, 20230105194733
02, 71857151135, 20230111221810, 20230111221828
02, 77813000631, 20230105123207, 20230105123606
01, 75600183716, 20230104102429, 20230104103124
01, 75585854417, 20230113094000, 20230113094259
02, 71817747727, 20230102172136, 20230102172522
02, 76467265108, 20230102134204, 20230102134625
02, 75361451216, 20230115233846, 20230115235038
02, 72040037274, 20230102001503, 20230102002911
01, 75613564065, 20230102061548, 20230102062122
02, 77433642407, 20230101124954, 20230101130103
02, 77620052837, 20230102135251, 20230102140129
01, 71177726280, 20230111103038, 20230111103633
02, 75136386948, 20230109165613, 20230109170134
01, 78338880438, 20230116163221, 20230116163618
01, 76003408862, 20230107221258, 20230107221458
01, 73115525531, 20230102012412, 20230102013052
01, 71761773874, 20230105005550, 20230105011037
01, 74748618140, 20230113120158, 20230113120945
02, 71332188135, 20230112174111, 20230112175156
01, 75388317487, 20230111155151, 20230111155412
01, 72538525620, 20230105063456, 20230105064418
01, 71412628404, 20230110125102, 20230110125421
01, 74401885031, 20230108105545, 20230108110847
01, 71356642746, 20230106142743, 20230106143159
02, 74764941928, 20230117125429, 20230117125949
02, 73077610376, 20230108040444, 20230108041612
01, 71014617042, 20230115153606, 20230115153759
01, 74136722215, 20230104231802, 20230104231943
02, 71014617042, 20230104223704, 20230104225129
02, 75388317487, 20230113172817, 20230113173931
01, 75717256032, 20230108004551, 20230108005449
02, 75136386948, 20230106224845, 20230106225833
02, 74401885031, 20230109204310, 20230109204642
01, 75585854417, 20230115005808, 20230115011159
01, 73608760417, 20230114063337, 20230114064258
01, 71836260208, 20230106062827, 20230106063414
02, 75405835758, 20230110074412, 20230110074512
01, 71271553653, 20230111074900, 20230111080236
02, 75811145556, 20230104003504, 20230104004946
02, 71360751181, 20230105224132, 20230105225314
02, 74670448026, 20230101081908, 20230101082206
02, 71761773874, 20230109125733, 20230109130827
02, 70412701260, 20230117092200, 20230117092525
02, 72320744637, 20230113172204, 20230113173402
01, 70412701260, 20230114115004, 20230114120453
02, 75030523014, 20230114145810, 20230114145856
02, 70412701260, 20230110065634, 20230110070555
01, 74723144208, 20230116121107, 20230116122323
02, 75585854417, 20230107142748, 20230107143102
02, 71014617042, 20230112015212, 20230112020219
02, 75202145768, 20230104080231, 20230104081719
02, 78217263346, 20230112200600, 20230112201917
01, 78878866702, 20230108124639, 20230108125623
01, 74748618140, 20230108153401, 20230108154539
02, 71673865741, 20230104014024, 20230104014108
01, 75202145768, 20230101110657, 20230101111628
02, 74748618140, 20230107084710, 20230107085022
02, 70295588234, 20230103215950, 20230103221438
01, 72344908255, 20230115031813, 20230115032637
02, 72040037274, 20230107144245, 20230107145355
01, 75030523014, 20230108073946, 20230108074517
02, 79388051049, 20230103144432, 20230103145610
02, 71120768682, 20230105105057, 20230105105202
01, 74704454345, 20230101123506, 20230101124203
01, 73456868225, 20230107115511, 20230107120651
02, 72040037274, 20230109025405, 20230109030704
02, 72758248210, 20230111120859, 20230111121002
01, 74208537078, 20230114022010, 20230114022319
01, 75361451216, 20230113041112, 20230113041510
01, 75613564065, 20230110134920, 20230110135450
01, 78876568780, 20230116111826, 20230116112536
02, 75600183716, 20230112000747, 20230112000826
01, 75030523014, 20230107235929, 20230108001322
02, 73383585527, 20230104023131, 20230104023931
02, 75202145768, 20230114002325, 20230114002741
02, 78576678245, 20230105092011, 20230105093118
02, 74723144208, 20230113234847, 20230113235037
01, 76564433007, 20230103151209, 20230103151820
02, 75030523014, 20230111124328, 20230111124418
02, 75660387747, 20230116051302, 20230116051939
02, 76078576120, 20230104120545, 20230104121345
02, 77637020781, 20230112220309, 20230112221808
02, 75202145768, 20230108124736, 20230108125853
01, 75448405366, 20230108234503, 20230108235927
02, 78338880438, 20230102082230, 20230102083409
01, 78352375782, 20230104174148, 20230104174820
01, 78058643854, 20230109065502, 20230109070035
02, 71673865741, 20230115102038, 20230115102536
01, 78338880438, 20230104025245, 20230104030353
02, 71253607126, 20230113102457, 20230113103028
02, 78058643854, 20230108233432, 20230108234320
01, 78338880438, 20230109070240, 20230109071115
01, 78720273880, 20230107073123, 20230107074450
02, 75405835758, 20230104181355, 20230104182616
01, 75162358164, 20230113142141, 20230113143209
02, 74835247585, 20230110091135, 20230110091809
02, 78640840275, 20230108170048, 20230108170912
02, 71857151135, 20230106035247, 20230106040246
01, 75817778087, 20230108132142, 20230108132848
01, 76642135626, 20230108171624, 20230108172900
02, 77813000631, 20230107102233, 20230107102845
01, 75202145768, 20230109061538, 20230109062700
01, 72278572176, 20230115092814, 20230115093250
02, 75136386948, 20230101145627, 20230101145921
02, 71356642746, 20230110013822, 20230110014416
01, 78058643854, 20230114183202, 20230114183342
02, 70734271608, 20230103180957, 20230103181653
01, 75387805521, 20230109025257, 20230109025655
01, 76456107261, 20230109091422, 20230109091512
02, 78338880438, 20230105121729, 20230105122220
01, 77646027632, 20230114025351, 20230114025712
02, 77504848371, 20230104163936, 20230104164639
01, 77504848371, 20230110203933, 20230110204816
02, 74723144208, 20230106172424, 20230106173044
01, 77504848371, 20230120120734, 20230120121050
01, 78248718466, 20230113213634, 20230113214227
01, 73077610376, 20230107062656, 20230107063821
02, 78613270203, 20230112084640, 20230112084906
01, 71014617042, 20230107215102, 20230107220358
01, 71673865741, 20230117033832, 20230117034936
02, 72344908255, 20230110015334, 20230110015423
02, 71356642746, 20230113200616, 20230113201956
02, 72720155182, 20230109193129, 20230109193906
02, 73077610376, 20230109140558, 20230109141521
02, 71253607126, 20230105222231, 20230105223109
01, 71673865741, 20230109175949, 20230109180908
01, 75405835758, 20230102044347, 20230102044908
02, 71817747727, 20230118162416, 20230118163135
02, 71412628404, 20230106214407, 20230106215404
01, 75817778087, 20230101143357, 20230101144334
02, 78878866702, 20230108103716, 20230108105042
01, 71857151135, 20230105143620, 20230105143912
01, 78876568780, 20230105104831, 20230105110105
01, 75811145556, 20230117010341, 20230117010435
02, 74208537078, 20230107195723, 20230107200153
02, 75817778087, 20230105122750, 20230105123957
01, 74723144208, 20230120031844, 20230120033110
01, 71271553653, 20230102092857, 20230102093721
02, 74670448026, 20230110201741, 20230110202041
01, 77813000631, 20230104060719, 20230104061940
01, 77706360787, 20230110034530, 20230110034803
02, 72603206505, 20230102071436, 20230102072833
02, 73456868225, 20230118133902, 20230118134612
01, 71673865741, 20230111195550, 20230111195812
02, 70086346752, 20230103092621, 20230103093423
02, 75387805521, 20230119173759, 20230119174105
01, 75162358164, 20230110194721, 20230110195100
01, 71120768682, 20230116045504, 20230116045814
01, 71582559519, 20230108100750, 20230108101755
02, 77620052837, 20230108074954, 20230108080108
01, 78248718466, 20230101142657, 20230101142932
01, 74566415231, 20230117194541, 20230117195510
01, 75361451216, 20230110180607, 20230110181522
01, 71664820471, 20230102041107, 20230102042347
02, 74748618140, 20230114072348, 20230114073654
01, 75417608504, 20230102151433, 20230102151803
01, 75811145556, 20230112153218, 20230112153612
02, 77637020781, 20230102081652, 20230102083107
02, 75523071025, 20230104143959, 20230104144346
02, 73142161414, 20230109200343, 20230109201055
02, 76615506877, 20230110205216, 20230110210331
01, 73608760417, 20230104191923, 20230104192909
02, 74208537078, 20230109020734, 20230109021701
01, 75162358164, 20230110020858, 20230110021359
01, 77813000631, 20230113233239, 20230113233929
01, 74208537078, 20230115092637, 20230115093536
02, 75636140844, 20230118132335, 20230118133805
01, 77504848371, 20230118021905, 20230118022218
02, 75448405366, 20230105113258, 20230105114216
02, 73143863353, 20230105194407, 20230105194528
01, 74614451604, 20230111231543, 20230111232558
02, 74457832676, 20230103210028, 20230103210927
01, 74357013472, 20230104145642, 20230104145803
01, 72720155182, 20230103162833, 20230103163917
02, 74835247585, 20230106182732, 20230106182737
02, 78352375782, 20230108053645, 20230108054031
01, 75361451216, 20230114182127, 20230114182409
02, 71836260208, 20230114065148, 20230114070018
02, 71014617042, 20230104000513, 20230104001910
02, 77706360787, 20230104013032, 20230104014454
02, 78613270203, 20230102034902, 20230102040238
02, 71120768682, 20230111120537, 20230111121629
01, 71253607126, 20230111125114, 20230111130143
01, 76467265108, 20230105070144, 20230105070558
02, 72538525620, 20230111201644, 20230111202449
02, 75388317487, 20230102093232, 20230102093856
02, 73438625461, 20230101174451, 20230101174613
02, 75600183716, 20230105043900, 20230105043931
02, 77620052837, 20230114164222, 20230114165555
01, 76642135626, 20230111062000, 20230111062011
02, 71412628404, 20230105124731, 20230105130035
01, 75202145768, 20230105205705, 20230105210748
02, 72320744637, 20230107084429, 20230107085159
01, 73115525531, 20230115123438, 20230115123930
02, 77706360787, 20230102100910, 20230102101118
02, 73456868225, 20230106042522, 20230106042841
02, 74748618140, 20230109152547, 20230109153609
01, 72040037274, 20230114122822, 20230114123729
01, 71412628404, 20230118090223, 20230118090948
02, 75660387747, 20230103170647, 20230103171423
01, 75660387747, 20230105011134, 20230105011628
01, 76564433007, 20230115020722, 20230115020738
01, 72720155182, 20230116150611, 20230116150723
02, 71253607126, 20230109024428, 20230109025700
01, 71582559519, 20230109162529, 20230109163215
02, 75387805521, 20230102230346, 20230102230748
01, 73077610376, 20230103020228, 20230103020357
01, 74566415231, 20230104071422, 20230104072803
01, 71761773874, 20230115114740, 20230115115659
01, 75162358164, 20230107130622, 20230107130629
02, 73077610376, 20230106173110, 20230106173721
02, 71664820471, 20230109224643, 20230109225538
02, 75811145556, 20230110103201, 20230110104318
02, 72758248210, 20230101022941, 20230101024130
01, 78338880438, 20230109185702, 20230109190529
02, 76456107261, 20230112223655, 20230112224729
02, 78058643854, 20230116212101, 20230116212723
01, 72344908255, 20230104040126, 20230104040835
01, 75388317487, 20230104095713, 20230104095845
02, 72278572176, 20230108022909, 20230108023013
01, 74401885031, 20230102080557, 20230102081733
02, 71761773874, 20230105095510, 20230105100000
02, 71356642746, 20230109230014, 20230109230952
02, 73282317605, 20230111111108, 20230111112219
02, 72320744637, 20230103095856, 20230103100129
02, 77504848371, 20230116140803, 20230116141333
02, 73456868225, 20230113201546, 20230113201905
02, 76615506877, 20230106080119, 20230106081326
02, 77646027632, 20230108110714, 20230108111741
02, 76003408862, 20230114051836, 20230114052442
02, 79388051049, 20230109113814, 20230109113922
01, 72344908255, 20230106085906, 20230106091243
01, 72320744637, 20230111060755, 20230111062144
01, 75660387747, 20230113010140, 20230113010344
01, 76615506877, 20230102003445, 20230102004731
01, 73383585527, 20230116172915, 20230116173104
02, 74748618140, 20230113043959, 20230113045204
01, 71014617042, 20230117132659, 20230117133738
01, 76078576120, 20230108002024, 20230108002629
01, 74835247585, 20230104161249, 20230104161926
02, 77813000631, 20230111061726, 20230111063122
02, 74764941928, 20230111065953, 20230111071346
01, 75405835758, 20230118003016, 20230118003453
01, 72356328766, 20230106023239, 20230106023350
02, 74401885031, 20230104121811, 20230104123152
01, 70295588234, 20230109135303, 20230109140020
02, 73608760417, 20230115080224, 20230115081145
02, 72356328766, 20230114064424, 20230114065454
01, 76078576120, 20230103012852, 20230103013445
02, 78217263346, 20230102154837, 20230102155119
02, 73143863353, 20230109161101, 20230109162337
02, 75600183716, 20230114204051, 20230114205521
01, 79388051049, 20230113145932, 20230113150837
01, 77433642407, 20230115042823, 20230115044212
01, 71582559519, 20230107081535, 20230107082734
02, 75361451216, 20230106030429, 20230106030813
02, 76564433007, 20230108221725, 20230108222328
02, 78217263346, 20230112060754, 20230112062017
01, 74566415231, 20230117044618, 20230117045155
02, 75636140844, 20230109225240, 20230109225308
02, 75660387747, 20230111210040, 20230111211016
01, 76078576120, 20230113082722, 20230113082914
02, 77620052837, 20230113182006, 20230113183400
01, 74614451604, 20230104162022, 20230104163017
02, 72344908255, 20230106215242, 20230106220629
02, 76564433007, 20230110122729, 20230110124133
02, 76786717652, 20230118235748, 20230119001155
01, 72538525620, 20230111203219, 20230111204128
02, 75660387747, 20230102081749, 20230102082329
02, 75448405366, 20230120051838, 20230120052311
01, 78217263346, 20230103193709, 20230103194029
02, 75636140844, 20230104025545, 20230104030334
01, 74748618140, 20230111165723, 20230111171113
01, 72356328766, 20230109054753, 20230109055317
01, 70295588234, 20230115160532, 20230115161632
02, 71120768682, 20230113091355, 20230113091616
02, 74357013472, 20230109145243, 20230109145609
02, 73282317605, 20230112083835, 20230112085131
02, 74566415231, 20230111085535, 20230111090658
02, 71412628404, 20230102033817, 20230102035048
02, 75613564065, 20230112030053, 20230112031303
01, 78876568780, 20230107015004, 20230107015215
01, 71836260208, 20230101160801, 20230101162217
02, 72320744637, 20230111210452, 20230111210950
02, 75361451216, 20230109055734, 20230109061049
02, 71360751181, 20230109064942, 20230109070132
02, 75817778087, 20230102204526, 20230102205453
01, 70086346752, 20230102085055, 20230102090105
02, 76003408862, 20230103112622, 20230103113239
01, 72538525620, 20230112154901, 20230112155004
01, 76078576120, 20230103233648, 20230103234115
02, 70734271608, 20230108023835, 20230108025031
02, 78576678245, 20230103002839, 20230103004316
02, 71817747727, 20230105064549, 20230105065431
01, 77813000631, 20230110205647, 20230110210431
01, 78640840275, 20230105062612, 20230105062738
01, 75162358164, 20230108192039, 20230108193054
01, 77504848371, 20230109170944, 20230109172154
02, 78352375782, 20230102005101, 20230102005145
02, 76615506877, 20230108143223, 20230108144343
01, 70295588234, 20230111214611, 20230111214728
02, 74208537078, 20230107113838, 20230107114631
01, 76564433007, 20230111180210, 20230111180715
01, 74136722215, 20230107020002, 20230107020630
01, 71857151135, 20230104015934, 20230104015957
01, 75717256032, 20230114191035, 20230114191950
01, 73438625461, 20230113094432, 20230113094917
01, 71177726280, 20230103163318, 20230103164255
02, 78878866702, 20230109064655, 20230109065426
01, 78338880438, 20230112014139, 20230112015424
01, 78876568780, 20230101171827, 20230101172323
02, 74136722215, 20230103153020, 20230103153624
02, 78058643854, 20230106062544, 20230106063212
02, 74566415231, 20230106204711, 20230106205949
02, 74457832676, 20230108112153, 20230108112606
02, 77433642407, 20230110194903, 20230110195305
02, 71360751181, 20230105004534, 20230105004903
02, 72356328766, 20230116080745, 20230116082226
02, 77637020781, 20230110194125, 20230110194141
02, 74357013472, 20230102165638, 20230102170532
02, 72603206505, 20230102100904, 20230102101948
02, 72758248210, 20230102064842, 20230102064957
01, 71817747727, 20230107213312, 20230107213807
02, 75613564065, 20230119021433, 20230119022853
02, 74748618140, 20230104213642, 20230104213734
01, 71332188135, 20230106134119, 20230106134200
01, 75405835758, 20230108020801, 20230108021144
02, 75636140844, 20230111063412, 20230111064852
01, 72720155182, 20230114055316, 20230114055609
01, 71120768682, 20230109230509, 20230109231041
02, 78640840275, 20230109121624, 20230109122013
02, 72344908255, 20230113154743, 20230113160059
02, 70412701260, 20230108062715, 20230108063337
01, 77706360787, 20230113073318, 20230113074051
02, 77706360787, 20230115141123, 20230115141832
01, 78248718466, 20230106080450, 20230106080907
02, 71014617042, 20230113060556, 20230113061324
01, 77504848371, 20230107184845, 20230107185122
02, 75811145556, 20230105141123, 20230105142408
01, 78058643854, 20230111190956, 20230111191058
02, 74566415231, 20230112164731, 20230112165750
02, 75388317487, 20230103195746, 20230103201110
01, 74835247585, 20230111050646, 20230111051239
01, 78235325451, 20230109043422, 20230109043651
01, 74566415231, 20230115035323, 20230115035525
02, 70295588234, 20230107080739, 20230107080943
02, 73608760417, 20230108004842, 20230108004926
02, 72344908255, 20230112055212, 20230112055751
02, 73143863353, 20230115042635, 20230115043152
01, 75417608504, 20230103054739, 20230103055118
02, 71356642746, 20230115221045, 20230115222232
01, 73143863353, 20230101074839, 20230101074903
01, 75660387747, 20230114053555, 20230114055006
01, 75387805521, 20230103205227, 20230103205759
02, 75448405366, 20230118203351, 20230118203434
01, 71120768682, 20230110192411, 20230110193503
02, 71836260208, 20230105051633, 20230105052407
01, 74614451604, 20230101121341, 20230101121517
01, 75387805521, 20230113081555, 20230113082032
02, 76615506877, 20230106002326, 20230106002535
02, 77646027632, 20230108075047, 20230108075504
01, 74136722215, 20230108170021, 20230108170716
02, 73143863353, 20230102205902, 20230102211352
02, 75523071025, 20230102085459, 20230102090358
01, 74704454345, 20230112092229, 20230112092548
02, 78878866702, 20230110054203, 20230110055246
01, 75585854417, 20230113032412, 20230113033740
02, 71761773874, 20230101161740, 20230101162112
01, 72278572176, 20230109165941, 20230109170931
01, 78058643854, 20230101173141, 20230101174229
01, 74764941928, 20230105040544, 20230105041912
01, 70295588234, 20230106065940, 20230106071342
02, 70412701260, 20230115144041, 20230115144435
01, 77637020781, 20230112085229, 20230112090041
01, 75668885571, 20230102182718, 20230102183350
02, 75636140844, 20230108041236, 20230108042548
01, 76078576120, 20230106185354, 20230106190117
01, 74614451604, 20230115093040, 20230115094413
01, 71177726280, 20230101234014, 20230101235240
02, 71271553653, 20230101161407, 20230101162447
02, 73456868225, 20230110175448, 20230110175509
01, 76003408862, 20230105084640, 20230105084743
01, 73282317605, 20230109031423, 20230109032246
01, 75136386948, 20230104021807, 20230104022511
02, 75585854417, 20230113045926, 20230113050049
02, 75417608504, 20230101150158, 20230101150537
01, 72603206505, 20230104085920, 20230104090533
01, 74704454345, 20230105050302, 20230105050621
02, 74704454345, 20230114133235, 20230114133641
01, 71673865741, 20230118103214, 20230118103702
02, 74723144208, 20230105050929, 20230105051413
02, 71673865741, 20230115142502, 20230115143604
01, 75030523014, 20230110053426, 20230110054448
02, 75202145768, 20230106234341, 20230106235705
01, 72278572176, 20230105235935, 20230106000445
02, 71582559519, 20230117132706, 20230117133259
02, 71673865741, 20230115223316, 20230115223406
02, 75600183716, 20230106041948, 20230106042510
02, 74136722215, 20230110224205, 20230110224718
02, 71356642746, 20230112020803, 20230112021020
02, 71673865741, 20230106123726, 20230106124135
02, 78876568780, 20230102230229, 20230102230625
01, 77433642407, 20230113113724, 20230113114046
01, 78217263346, 20230114024505, 20230114025543
02, 74136722215, 20230110052408, 20230110053055
02, 75162358164, 20230104224515, 20230104225014
02, 75388317487, 20230109035255, 20230109040012
01, 74566415231, 20230116043153, 20230116043251
02, 75388317487, 20230109171803, 20230109172953
02, 71271553653, 20230115132516, 20230115133815
01, 71857151135, 20230101171832, 20230101172222
01, 74357013472, 20230107130645, 20230107130902
02, 72344908255, 20230101210456, 20230101211526
02, 75817778087, 20230112041759, 20230112042830
02, 71120768682, 20230106203127, 20230106203505
01, 71761773874, 20230105012915, 20230105013640
01, 77646027632, 20230103203248, 20230103203835
01, 72040037274, 20230102204011, 20230102204225
01, 76078576120, 20230110105543, 20230110110145
02, 72538525620, 20230104115351, 20230104115518
01, 78217263346, 20230113080031, 20230113080438
02, 76467265108, 20230111142900, 20230111144204
02, 71857151135, 20230112221739, 20230112222036
02, 72538525620, 20230102073412, 20230102074307
01, 76003408862, 20230105173101, 20230105173831
01, 75162358164, 20230104061620, 20230104062238
02, 74401885031, 20230114042718, 20230114043409
02, 75136386948, 20230108121610, 20230108121921
01, 78217263346, 20230105064220, 20230105064736
01, 74357013472, 20230108163135, 20230108163312
01, 75717256032, 20230102110906, 20230102111515
01, 75136386948, 20230119055713, 20230119055809
02, 72278572176, 20230106074951, 20230106075834
01, 74670448026, 20230103114650, 20230103115320
02, 71761773874, 20230116125713, 20230116130635
02, 76467265108, 20230103181421, 20230103181910
01, 70412701260, 20230118170102, 20230118170130
02, 74357013472, 20230110091645, 20230110092839
01, 75162358164, 20230103033134, 20230103033731
02, 75600183716, 20230108054753, 20230108055408
02, 74670448026, 20230111025004, 20230111030030
01, 76456107261, 20230114114311, 20230114114437
01, 70734271608, 20230115182905, 20230115183513
01, 77504848371, 20230105131546, 20230105132720
01, 75811145556, 20230114043143, 20230114044146
02, 78058643854, 20230116024718, 20230116025330
01, 73608760417, 20230112115448, 20230112120936
01, 70412701260, 20230106173024, 20230106173838
01, 75613564065, 20230109053100, 20230109053537
01, 75387805521, 20230118081126, 20230118082010
02, 75668885571, 20230101140001, 20230101140816
01, 77706360787, 20230105131316, 20230105132631
02, 74566415231, 20230107211700, 20230107211720
01, 70086346752, 20230116235013, 20230116235407
01, 74457832676, 20230112194538, 20230112195707
02, 75660387747, 20230114221128, 20230114222106
01, 72538525620, 20230116230359, 20230116231549
01, 70295588234, 20230118011551, 20230118012744
01, 75417608504, 20230111064559, 20230111064720
02, 72603206505, 20230105212252, 20230105212408
02, 74835247585, 20230114010417, 20230114011619
01, 71857151135, 20230112000020, 20230112000934
01, 78338880438, 20230106164439, 20230106164450
02, 71271553653, 20230117142533, 20230117143506
01, 76078576120, 20230114032148, 20230114032306
01, 72603206505, 20230103111431, 20230103112720
01, 76078576120, 20230112104112, 20230112104950
01, 73456868225, 20230112111001, 20230112111730
01, 77620052837, 20230102190749, 20230102191214
02, 73115525531, 20230112180240, 20230112180743
01, 78235325451, 20230103232422, 20230103232900
02, 78872277785, 20230110001439, 20230110001523
02, 75202145768, 20230102222022, 20230102222227
01, 75811145556, 20230106213910, 20230106214536
01, 73456868225, 20230110045901, 20230110045914
01, 71582559519, 20230103130845, 20230103131708
01, 74357013472, 20230110213753, 20230110214710
01, 75405835758, 20230112180138, 20230112181023
02, 71332188135, 20230110211950, 20230110212918
02, 75811145556, 20230110123553, 20230110124520
01, 76078576120, 20230106000709, 20230106001605
02, 76078576120, 20230103161651, 20230103161738
02, 73282317605, 20230101010627, 20230101011049
02, 72538525620, 20230109211649, 20230109213005
02, 76456107261, 20230101153935, 20230101154623
01, 71177726280, 20230106003038, 20230106004115
02, 75613564065, 20230102111653, 20230102112425
01, 74764941928, 20230102012326, 20230102012657
01, 72758248210, 20230113095502, 20230113100441
01, 75361451216, 20230114101632, 20230114102411
01, 74208537078, 20230106154143, 20230106154653
02, 74704454345, 20230112043901, 20230112045000
02, 72040037274, 20230103033314, 20230103034225
01, 71120768682, 20230108001849, 20230108002334
01, 74136722215, 20230112224414, 20230112225825
02, 76642135626, 20230104073309, 20230104074441
02, 74401885031, 20230107072546, 20230107073056
02, 72356328766, 20230107044747, 20230107045750
02, 72320744637, 20230114142151, 20230114142646
01, 78248718466, 20230107005143, 20230107005144
01, 72278572176, 20230111102234, 20230111103201
01, 71253607126, 20230116234955, 20230116235233
01, 77504848371, 20230111153901, 20230111154915
01, 70734271608, 20230105220244, 20230105221217
02, 75361451216, 20230104215959, 20230104220119
02, 74457832676, 20230116125823, 20230116125825
02, 72758248210, 20230111024402, 20230111025448
01, 72320744637, 20230105062903, 20230105063916
01, 75636140844, 20230102025734, 20230102030228
01, 74136722215, 20230109204652, 20230109204836
01, 75202145768, 20230114222935, 20230114224300
01, 74670448026, 20230105012550, 20230105013531
02, 74566415231, 20230111193258, 20230111193532
01, 74670448026, 20230106160012, 20230106160704
02, 71582559519, 20230112175715, 20230112180527
02, 78338880438, 20230116210811, 20230116211738
02, 71761773874, 20230107055539, 20230107055643
01, 71177726280, 20230114172949, 20230114173517
01, 74208537078, 20230103083219, 20230103083924
01, 75613564065, 20230103001111, 20230103002223
01, 75136386948, 20230111074239, 20230111075604
02, 75136386948, 20230114030927, 20230114031410
02, 77433642407, 20230112083308, 20230112084147
02, 78640840275, 20230106155409, 20230106155753
01, 74704454345, 20230106035808, 20230106040905
02, 71664820471, 20230109012607, 20230109014006
01, 73077610376, 20230105021121, 20230105021628
01, 73456868225, 20230117145740, 20230117150229
02, 75202145768, 20230108155537, 20230108160048
02, 72356328766, 20230104120901, 20230104121901
02, 72720155182, 20230118084129, 20230118085600
01, 71761773874, 20230114011038, 20230114011821
01, 70086346752, 20230108201817, 20230108202542
02, 73456868225, 20230113224550, 20230113225556
01, 75636140844, 20230113114049, 20230113115034
02, 77504848371, 20230113080705, 20230113081714
02, 73456868225, 20230115015613, 20230115015949
02, 70295588234, 20230102004449, 20230102005517
01, 70295588234, 20230105031442, 20230105031807
01, 78878866702, 20230105161525, 20230105162543
02, 78872277785, 20230104220832, 20230104221418
02, 75388317487, 20230104170135, 20230104171018
02, 75523071025, 20230107015325, 20230107015859
01, 75417608504, 20230102113925, 20230102114426
02, 73143863353, 20230104222530, 20230104222846
01, 76456107261, 20230113103632, 20230113104837
02, 73142161414, 20230111041419, 20230111042525
02, 71360751181, 20230108034759, 20230108040204
02, 72356328766, 20230102060645, 20230102060826
01, 73282317605, 20230103195419, 20230103200228
02, 72720155182, 20230110011617, 20230110011945
01, 75417608504, 20230114151346, 20230114152214
01, 75361451216, 20230104074115, 20230104075127
02, 75405835758, 20230103110533, 20230103111611
01, 71332188135, 20230107081353, 20230107082248
01, 70734271608, 20230113034639, 20230113035110
02, 71360751181, 20230102115818, 20230102120450
02, 70412701260, 20230112170119, 20230112170434
02, 77637020781, 20230110002245, 20230110002602
02, 72320744637, 20230104085934, 20230104091138
02, 71360751181, 20230111155359, 20230111155925
02, 77646027632, 20230110104238, 20230110105038
02, 74614451604, 20230110184213, 20230110185511
02, 75668885571, 20230109033340, 20230109034423
02, 75405835758, 20230115125051, 20230115125356
01, 75448405366, 20230114212005, 20230114213301
01, 75417608504, 20230107024216, 20230107024617
02, 78352375782, 20230103150316, 20230103150619
01, 76456107261, 20230110063847, 20230110065313
01, 78876568780, 20230113043346, 20230113044453
01, 73438625461, 20230110074100, 20230110075342
02, 72538525620, 20230113142819, 20230113143519
02, 75636140844, 20230109154446, 20230109155815
02, 73143863353, 20230111231906, 20230111232057
01, 71332188135, 20230102052335, 20230102052724
01, 72758248210, 20230114184539, 20230114185652
01, 76786717652, 20230102022933, 20230102024158
02, 73282317605, 20230110094134, 20230110095513
01, 74670448026, 20230112010455, 20230112010723
01, 78058643854, 20230114005136, 20230114010205
01, 72278572176, 20230111021901, 20230111023242
01, 71817747727, 20230105085234, 20230105090224
02, 75600183716, 20230102070251, 20230102071316
01, 71664820471, 20230115001855, 20230115002414
01, 76564433007, 20230109091659, 20230109091724
01, 71664820471, 20230106205716, 20230106205815
02, 71332188135, 20230105060725, 20230105061141
02, 77504848371, 20230102045345, 20230102050223
01, 79388051049, 20230102110008, 20230102110509
02, 70086346752, 20230103001302, 20230103001821
02, 71253607126, 20230117014103, 20230117015318
01, 75668885571, 20230102065529, 20230102070309
01, 74357013472, 20230102070047, 20230102070331
02, 74723144208, 20230102125017, 20230102130209
02, 78872277785, 20230106045432, 20230106045942
02, 73115525531, 20230115170617, 20230115170725
01, 72538525620, 20230110135855, 20230110140112
02, 70412701260, 20230104050806, 20230104051302
02, 73383585527, 20230107135038, 20230107140057
02, 74764941928, 20230105002722, 20230105003740
02, 72603206505, 20230105232949, 20230105233802
01, 75030523014, 20230111014350, 20230111015318
02, 71412628404, 20230114132655, 20230114133615
01, 78878866702, 20230103102834, 20230103103329
02, 75405835758, 20230116191433, 20230116192357
02, 78058643854, 20230107232808, 20230107234205
01, 78235325451, 20230104051126, 20230104051514
01, 71271553653, 20230109171717, 20230109172802
01, 75030523014, 20230106084218, 20230106084800
01, 72040037274, 20230113123319, 20230113123818
01, 73438625461, 20230117081928, 20230117083425
01, 71673865741, 20230116225353, 20230116230053
02, 75448405366, 20230120071449, 20230120072026
01, 75600183716, 20230115234917, 20230115235239
02, 73115525531, 20230118195217, 20230118195958
02, 74401885031, 20230105180657, 20230105181939
01, 72603206505, 20230102081232, 20230102081323
01, 73142161414, 20230113185525, 20230113185705
02, 71120768682, 20230103212946, 20230103213021
01, 75030523014, 20230113023728, 20230113024214
02, 76467265108, 20230106174116, 20230106174211
02, 75361451216, 20230101124637, 20230101130034
01, 75600183716, 20230107080704, 20230107081429
02, 77504848371, 20230107015228, 20230107020505
01, 78352375782, 20230110121726, 20230110122533
02, 78217263346, 20230102143920, 20230102144440
01, 72344908255, 20230107154003, 20230107154327
01, 73383585527, 20230114170818, 20230114170824
02, 78058643854, 20230113030722, 20230113032201
01, 74704454345, 20230103050414, 20230103051326
02, 71664820471, 20230116013152, 20230116013532
02, 75417608504, 20230108091922, 20230108092106
02, 75613564065, 20230112173937, 20230112174559
01, 74764941928, 20230105190643, 20230105191252
01, 76078576120, 20230102223917, 20230102224846
01, 74670448026, 20230110163245, 20230110164026
02, 70086346752, 20230111081601, 20230111082157
02, 72758248210, 20230117035001, 20230117035241
01, 74614451604, 20230106031658, 20230106031823
02, 71271553653, 20230102153033, 20230102153355
01, 78613270203, 20230104204513, 20230104205958
02, 75387805521, 20230116205416, 20230116210755
01, 72356328766, 20230117063008, 20230117064433
01, 72040037274, 20230115222647, 20230115222930
02, 74704454345, 20230110225412, 20230110230526
02, 76786717652, 20230106111135, 20230106112047
02, 71356642746, 20230102123737, 20230102124459
01, 75202145768, 20230117053007, 20230117054132
02, 79388051049, 20230112021751, 20230112022709
01, 78058643854, 20230114130155, 20230114130649
01, 73142161414, 20230116155645, 20230116155955
01, 73142161414, 20230115062338, 20230115063704
01, 77620052837, 20230115231153, 20230115231414
01, 70295588234, 20230102122527, 20230102122827
01, 78576678245, 20230112201339, 20230112201944
01, 71761773874, 20230103132450, 20230103132906
01, 77637020781, 20230101064644, 20230101065028
01, 78613270203, 20230110222336, 20230110223033
01, 77813000631, 20230110071622, 20230110072141
01, 75600183716, 20230103223612, 20230103224808
01, 71356642746, 20230111065325, 20230111070521
01, 78640840275, 20230102091412, 20230102092502
01, 78876568780, 20230110004832, 20230110005614
02, 75585854417, 20230108043418, 20230108043820
02, 71664820471, 20230106060259, 20230106061205
02, 75717256032, 20230109170818, 20230109170934
01, 75387805521, 20230115213332, 20230115214654
01, 74835247585, 20230109063911, 20230109064557
01, 74614451604, 20230107163922, 20230107164722
01, 76467265108, 20230102152124, 20230102152354
02, 76615506877, 20230107043044, 20230107044300
02, 71120768682, 20230112004158, 20230112004321
02, 76456107261, 20230110074432, 20230110075011
02, 76003408862, 20230102093435, 20230102094720
02, 71120768682, 20230117121052, 20230117121252
01, 70412701260, 20230108153644, 20230108153948
02, 74748618140, 20230103135115, 20230103135245
02, 78058643854, 20230104182853, 20230104183706
02, 76564433007, 20230102103408, 20230102103449
02, 79388051049, 20230115163912, 20230115165105
02, 74566415231, 20230113144504, 20230113144705
01, 73438625461, 20230107163848, 20230107164337
01, 78235325451, 20230115184853, 20230115185750
02, 76786717652, 20230103011738, 20230103013147
02, 76564433007, 20230112214203, 20230112214401
01, 75136386948, 20230117195430, 20230117200702
02, 78876568780, 20230104075537, 20230104080321
01, 75162358164, 20230103110139, 20230103111042
01, 72356328766, 20230109180656, 20230109181146
02, 71253607126, 20230105091211, 20230105091434
02, 78576678245, 20230111000234, 20230111000831
02, 74357013472, 20230110063217, 20230110063748
02, 75030523014, 20230109204616, 20230109205223
01, 72758248210, 20230107100914, 20230107101047
01, 76456107261, 20230106133111, 20230106134145
02, 78640840275, 20230115235811, 20230116000647
02, 72720155182, 20230115125627, 20230115130251
01, 71582559519, 20230102010544, 20230102010642
02, 78248718466, 20230112125725, 20230112130250
02, 71761773874, 20230112180029, 20230112181056
02, 77433642407, 20230113141237, 20230113141806
01, 78720273880, 20230109185502, 20230109190141
02, 71673865741, 20230105024432, 20230105025653
02, 75817778087, 20230112092743, 20230112093721
02, 72758248210, 20230104074841, 20230104075504
01, 73143863353, 20230110120548, 20230110121428
01, 71817747727, 20230115154428, 20230115155610
01, 75811145556, 20230102144226, 20230102144727
02, 78613270203, 20230112204135, 20230112205142
01, 75811145556, 20230111204428, 20230111205448
02, 79388051049, 20230107233245, 20230107233840
02, 71177726280, 20230112185652, 20230112185658
01, 78876568780, 20230110120442, 20230110121353
01, 71857151135, 20230113055121, 20230113055909
01, 74835247585, 20230115074237, 20230115075317
02, 77813000631, 20230103205256, 20230103205726
02, 70086346752, 20230115140406, 20230115140525
02, 75613564065, 20230117115552, 20230117120349
02, 77637020781, 20230105062054, 20230105063427
01, 76786717652, 20230115103022, 20230115103502
02, 72758248210, 20230103090434, 20230103091844
01, 74723144208, 20230114233829, 20230114234059
01, 75388317487, 20230115043334, 20230115044055
01, 75717256032, 20230108151827, 20230108153224
02, 71817747727, 20230108174636, 20230108174652
01, 76003408862, 20230112140712, 20230112141011
02, 75636140844, 20230102191827, 20230102192629
02, 71271553653, 20230104062300, 20230104063605
02, 70086346752, 20230104194840, 20230104195950
01, 78720273880, 20230109074954, 20230109080357
02, 71120768682, 20230111210512, 20230111211558
02, 78720273880, 20230101035003, 20230101035126
01, 71664820471, 20230114081612, 20230114082247
01, 79388051049, 20230112013627, 20230112014312
01, 75388317487, 20230104031457, 20230104032750
02, 73143863353, 20230114195457, 20230114200305
02, 73456868225, 20230105022452, 20230105023747
01, 71582559519, 20230104212126, 20230104212436
01, 73143863353, 20230113062153, 20230113062946
02, 75162358164, 20230103172415, 20230103173401
01, 78876568780, 20230106035132, 20230106035701
01, 77813000631, 20230114081734, 20230114082735
01, 78613270203, 20230107044635, 20230107045508
01, 76003408862, 20230106102721, 20230106103035
02, 75388317487, 20230106070737, 20230106071854
01, 78248718466, 20230107044223, 20230107045031
01, 76456107261, 20230103210041, 20230103211002
01, 70412701260, 20230106074443, 20230106075026
02, 77813000631, 20230102133309, 20230102133350
02, 78878866702, 20230103193449, 20230103194725
02, 75668885571, 20230116170652, 20230116170749
02, 78235325451, 20230101225016, 20230101225259
02, 76456107261, 20230108083404, 20230108084756
02, 79388051049, 20230105000808, 20230105001154
02, 78720273880, 20230106042232, 20230106042447
02, 74614451604, 20230102211252, 20230102212340
01, 75417608504, 20230101094343, 20230101094606
01, 73438625461, 20230116084925, 20230116085829
02, 74566415231, 20230109223930, 20230109224910
02, 72040037274, 20230104123829, 20230104125249
02, 78640840275, 20230111133401, 20230111133630
02, 71836260208, 20230109204147, 20230109205244
02, 74835247585, 20230112143152, 20230112143949
01, 74670448026, 20230101021230, 20230101021636
01, 78872277785, 20230110092610, 20230110092957
01, 70734271608, 20230104223552, 20230104224256
02, 78352375782, 20230113074936, 20230113080409
02, 78878866702, 20230107033220, 20230107033721
02, 75417608504, 20230111085447, 20230111085940
02, 72758248210, 20230106021422, 20230106022703
01, 74748618140, 20230114135243, 20230114135957
02, 73142161414, 20230105175849, 20230105180834
01, 71582559519, 20230114083505, 20230114084620
01, 78338880438, 20230103185222, 20230103190652
02, 76467265108, 20230107223831, 20230107225327
01, 75636140844, 20230103125114, 20230103130347
02, 71761773874, 20230106054224, 20230106055308
02, 78640840275, 20230115050619, 20230115051747
02, 78352375782, 20230112231154, 20230112232038
01, 72758248210, 20230110092152, 20230110092506
02, 74723144208, 20230104195328, 20230104200226
02, 74764941928, 20230112065642, 20230112070117
02, 71177726280, 20230111192630, 20230111194009
02, 71360751181, 20230104165820, 20230104170845
02, 76642135626, 20230104025326, 20230104030422
01, 78872277785, 20230102060015, 20230102060419
02, 77637020781, 20230108134926, 20230108140219
02, 75405835758, 20230105225613, 20230105231007
01, 76615506877, 20230101101200, 20230101101736
01, 74136722215, 20230114025058, 20230114025847
02, 71177726280, 20230105234717, 20230105235726
02, 78576678245, 20230108172217, 20230108173534
02, 76467265108, 20230111214454, 20230111215552
02, 75811145556, 20230110213119, 20230110214444
02, 77637020781, 20230104181445, 20230104182905
01, 77620052837, 20230106133352, 20230106133423
02, 78217263346, 20230108055012, 20230108060316
02, 78248718466, 20230108203501, 20230108204257
01, 71836260208, 20230104100340, 20230104100435
01, 76786717652, 20230104045613, 20230104050915
01, 73438625461, 20230104123524, 20230104123848
02, 75136386948, 20230102134137, 20230102135309
01, 74764941928, 20230103154712, 20230103155920
01, 71817747727, 20230117060011, 20230117061124
01, 74704454345, 20230111131040, 20230111132441
02, 71177726280, 20230109003700, 20230109004854
02, 75523071025, 20230101024518, 20230101025808
02, 71412628404, 20230116101353, 20230116102836
01, 78058643854, 20230110122123, 20230110123251
01, 75600183716, 20230107040331, 20230107040345
02, 72320744637, 20230104041855, 20230104041903
02, 73143863353, 20230113200430, 20230113201829
01, 76642135626, 20230105225329, 20230105230524
01, 72720155182, 20230112020346, 20230112021546
02, 73383585527, 20230102025140, 20230102025332
01, 71177726280, 20230103063124, 20230103064226
02, 78720273880, 20230102135229, 20230102135919
02, 70412701260, 20230103132831, 20230103133821
02, 73115525531, 20230117191618, 20230117192248
02, 78352375782, 20230103034756, 20230103035949
01, 72758248210, 20230112232522, 20230112232854
01, 70086346752, 20230107041600, 20230107042033
02, 78338880438, 20230110212021, 20230110212319
02, 70086346752, 20230107185145, 20230107185615
01, 75660387747, 20230102162056, 20230102162539
02, 71673865741, 20230112094243, 20230112095651
01, 73282317605, 20230107175951, 20230107180721
02, 78613270203, 20230113173449, 20230113173532
02, 73282317605, 20230113044702, 20230113045247
02, 78217263346, 20230105164713, 20230105165719
01, 71817747727, 20230115032834, 20230115034228
01, 75387805521, 20230114090229, 20230114091707
01, 73282317605, 20230105082244, 20230105083146
02, 75717256032, 20230111010118, 20230111010636
02, 72278572176, 20230116045408, 20230116050609
02, 74748618140, 20230115123246, 20230115124542
01, 72040037274, 20230113213345, 20230113214603
01, 71332188135, 20230117043505, 20230117044701
02, 73115525531, 20230105212312, 20230105213248
01, 77646027632, 20230105165403, 20230105170151
